"category_url","brand_subcategory","manufacturer","title","full_title","price","old_price","url","image","description"
"https://www.uitlaataanbiedingen.nl/uitlaatset/uitlaatset-alfa-romeo/","uitlaatset-alfa-romeo","Edex","Uitlaatset Alfa Romeo Mito, Fiat Grande Punto","Edex Uitlaatset Alfa Romeo Mito, Fiat Grande Punto","€169,95","","https://www.uitlaataanbiedingen.nl/uitlaatset-alfa-romeo-mito-fiat-grande-punto.html","https://cdn.webshopapp.com/shops/69473/files/477276727/262x276x2/edex-uitlaatset-alfa-romeo-mito-fiat-grande-punto.jpg","Uitlaatset Alfa Romeo Mito, Fiat Grande Punto"
"https://www.uitlaataanbiedingen.nl/uitlaatset/uitlaatset-alfa-romeo/","uitlaatset-alfa-romeo","Polmo","Complete uitlaat, Einddemper + Middendemper Alfa Romeo 147 1.6, 2.0","Polmo Complete uitlaat, Einddemper + Middendemper Alfa Romeo 147 1.6, 2.0","€144,95","€300,00","https://www.uitlaataanbiedingen.nl/oe-complete-uitlaat-alfa-romeo-147-16-20-einddempe.html","https://cdn.webshopapp.com/shops/69473/files/420886907/262x276x2/polmo-complete-uitlaat-einddemper-middendemper-alf.jpg","Goedkope uitlaat van de hoogste kwaliteit, met maar liefst 3 jaar garantie voor de Alfa Romeo 147."
"https://www.uitlaataanbiedingen.nl/uitlaatset/uitlaatset-alfa-romeo/","uitlaatset-alfa-romeo","Edex","Complete uitlaat, Einddemper + Middendemper Alfa Romeo GTV / Spider","Edex Complete uitlaat, Einddemper + Middendemper Alfa Romeo GTV / Spider","€229,00","€400,00","https://www.uitlaataanbiedingen.nl/oe-uitlaat-einddemper-alfa-romeo-gtv-spider.html","https://cdn.webshopapp.com/shops/69473/files/88886066/262x276x2/edex-complete-uitlaat-einddemper-middendemper-alfa.jpg","Voordelige uitlaatset. Einddemper + middendemper. Samen nu nog voordeliger. Geschikt voor zowel de Coupe als de cabrio."
"https://www.uitlaataanbiedingen.nl/uitlaatset/uitlaatset-alfa-romeo/","uitlaatset-alfa-romeo","Topautoparts","Complete uitlaat + Katalysator Alfa Romeo 147 1.6 Twin Spark","Topautoparts Complete uitlaat + Katalysator Alfa Romeo 147 1.6 Twin Spark","€339,00","€650,00","https://www.uitlaataanbiedingen.nl/uitlaatset-katalysator-alfa-romeo-147-16-twin-spar.html","https://cdn.webshopapp.com/shops/69473/files/420320771/262x276x2/topautoparts-complete-uitlaat-katalysator-alfa-rom.jpg","Uitlaatset + Katalysator Alfa Romeo 147 1.6 Twin Spark"
"https://www.uitlaataanbiedingen.nl/uitlaatset/uitlaatset-alfa-romeo/","uitlaatset-alfa-romeo","Topautoparts","Complete uitlaatset + katalysator Alfa Romeo Twinspark 2.0","Topautoparts Complete uitlaatset + katalysator Alfa Romeo Twinspark 2.0","€469,00","€750,00","https://www.uitlaataanbiedingen.nl/oe-uitlaatsysteem-alfa-romeo-twinspark-20.html","https://cdn.webshopapp.com/shops/69473/files/70150514/262x276x2/topautoparts-complete-uitlaatset-katalysator-alfa.jpg","Complete uitlaatset + katalysator Alfa Romeo Twinspark 2.0"
"https://www.uitlaataanbiedingen.nl/uitlaatset/uitlaatset-alfa-romeo/","uitlaatset-alfa-romeo","Edex","Complete uitlaat Middendemper + Einddemper Alfa Romeo 156 1.6, 1.8, 2.0","Edex Complete uitlaat Middendemper + Einddemper Alfa Romeo 156 1.6, 1.8, 2.0","€104,95","€200,00","https://www.uitlaataanbiedingen.nl/oe-complete-uitlaat-alfa-romeo-156-16-18-20-midden.html","https://cdn.webshopapp.com/shops/69473/files/420788726/262x276x2/edex-complete-uitlaat-middendemper-einddemper-alfa.jpg","Bekijk hier de goedkope Alfa Romeo 156 Achterdemper + Middendemper. Laagste prijs van Nederland en 3 jaar garantie."
"https://www.uitlaataanbiedingen.nl/uitlaatset/uitlaatset-alfa-romeo/","uitlaatset-alfa-romeo","Polmo","Uitlaatset, Tussendemper + Einddemper Alfa Romeo Mito 1.4","Polmo Uitlaatset, Tussendemper + Einddemper Alfa Romeo Mito 1.4","€139,95","€199,95","https://www.uitlaataanbiedingen.nl/uitlaatset-tussendemper-einddemper-alfa-romeo-mito.html","https://cdn.webshopapp.com/shops/69473/files/479672668/262x276x2/polmo-uitlaatset-tussendemper-einddemper-alfa-rome.jpg","Uitlaatset, Tussendemper + Einddemper Alfa Romeo Mito 1.4"
"https://www.uitlaataanbiedingen.nl/uitlaatset/uitlaatset-alfa-romeo/","uitlaatset-alfa-romeo","Edex","Complete uitlaat, Einddemper + Middendemper + Voordemper Alfa Romeo GTV / Spider","Edex Complete uitlaat, Einddemper + Middendemper + Voordemper Alfa Romeo GTV / Spider","€289,95","€400,00","https://www.uitlaataanbiedingen.nl/complete-uitlaat-einddemper-middendemper-alfa-rome.html","https://cdn.webshopapp.com/shops/69473/files/490912475/262x276x2/edex-complete-uitlaat-einddemper-middendemper-voor.jpg","Complete uitlaat, Einddemper + Middendemper + Voordemper Alfa Romeo GTV / Spider . Samen nu nog voordeliger. Geschikt voor zowel de Coupe als de cabrio."
"https://www.uitlaataanbiedingen.nl/uitlaatset/uitlaatset-alfa-romeo/","uitlaatset-alfa-romeo","Edex","Complete Uitlaat tussendemper + einddemper Alfa Romeo 166","Edex Complete Uitlaat tussendemper + einddemper Alfa Romeo 166","€249,00","€315,00","https://www.uitlaataanbiedingen.nl/oe-uitlaat-tussendemper-einddemper-alfa-romeo-166.html","https://cdn.webshopapp.com/shops/69473/files/343423333/262x276x2/edex-complete-uitlaat-tussendemper-einddemper-alfa.jpg","Uitlaat tussendemper + einddemper Alfa Romeo 166"
"https://www.uitlaataanbiedingen.nl/uitlaatset/uitlaatset-audi/","uitlaatset-audi","Topautoparts","Complete uitlaatset + katalysator Audi A3, Seat Leon, Toledo II, Skoda Octavia. Volkswagen Bora, Golf IV 1.6","Topautoparts Complete uitlaatset + katalysator Audi A3, Seat Leon, Toledo II, Skoda Octavia. Volkswagen Bora, Golf IV 1.6","€219,00","€400,00","https://www.uitlaataanbiedingen.nl/oe-compleet-uitlaatsysteem-audi-a3-seat-leon-toled.html","https://cdn.webshopapp.com/shops/69473/files/69279254/262x276x2/topautoparts-complete-uitlaatset-katalysator-audi.jpg","uitlaatssysteem Audi A3, Seat Leon en Toledo, Skoda octavia, Volkswagen Bora en Golf. Deze onderdelen hebben 1 jaar garantie en de beste prijzen van Nederland."
"https://www.uitlaataanbiedingen.nl/uitlaatset/uitlaatset-audi/","uitlaatset-audi","Topautoparts","Complete uitlaat + katalysator Audi A3, Seat Leon, Volswagen Golf IV, New Beetle","Topautoparts Complete uitlaat + katalysator Audi A3, Seat Leon, Volswagen Golf IV, New Beetle","€244,95","€450,00","https://www.uitlaataanbiedingen.nl/oe-complete-uitlaat-met-katalysator-audi-a3-seat-l.html","https://cdn.webshopapp.com/shops/69473/files/65930456/262x276x2/topautoparts-complete-uitlaat-katalysator-audi-a3.jpg","Nieuw uitlaatsysteem Audi / Seat / Volkswagen"
"https://www.uitlaataanbiedingen.nl/uitlaatset/uitlaatset-audi/","uitlaatset-audi","Edex","Complete uitlaat Einddemper + Middendemper Audi A3 / Seat Leon / Volkswagen Golf 4","Edex Complete uitlaat Einddemper + Middendemper Audi A3 / Seat Leon / Volkswagen Golf 4","€129,95","€250,00","https://www.uitlaataanbiedingen.nl/oe-uitlaatset-einddemper-middendemper-audi-a3-seat.html","https://cdn.webshopapp.com/shops/69473/files/38746882/262x276x2/edex-complete-uitlaat-einddemper-middendemper-audi.jpg","Bekijk hier de Audi A3 Achterdemper + Middendemper. Laagste prijs van Nederland en 3 jaar garantie. OEM Pasvorm en het E-keurmerk."
"https://www.uitlaataanbiedingen.nl/uitlaatset/uitlaatset-audi/","uitlaatset-audi","Edex","Complete uitlaat middendemper + einddemper Audi A3, Seat Leon, Volkswagen Golf, New Beetle","Edex Complete uitlaat middendemper + einddemper Audi A3, Seat Leon, Volkswagen Golf, New Beetle","€129,95","€250,00","https://www.uitlaataanbiedingen.nl/oe-uitlaatset-einddemper-middendemper-audi-a3-18-t.html","https://cdn.webshopapp.com/shops/69473/files/38747164/262x276x2/edex-complete-uitlaat-middendemper-einddemper-audi.jpg","Nieuwe uitlaat voor de Audi A3 1.8 Turbo. Inclusief montagematerialen en u krijgt altijd 3 jaar garantie."
"https://www.uitlaataanbiedingen.nl/uitlaatset/uitlaatset-audi/","uitlaatset-audi","Polmo","Complete uitlaat middendemper + einddemper Audi A3 1.4","Polmo Complete uitlaat  middendemper + einddemper Audi A3 1.4","€149,90","€265,00","https://www.uitlaataanbiedingen.nl/uitlaatset-voorpijp-middendemper-einddemper-volksw.html","https://cdn.webshopapp.com/shops/69473/files/364226442/262x276x2/polmo-complete-uitlaat-middendemper-einddemper-aud.jpg","Uitlaatset, voorpijp, middendemper, einddemper Audi A3 1.4"
"https://www.uitlaataanbiedingen.nl/uitlaatset/uitlaatset-audi/","uitlaatset-audi","Edex","Complete uitlaat Einddemper + Middendemper Audi A3 1.6","Edex Complete uitlaat Einddemper + Middendemper Audi A3 1.6","€76,95","€180,00","https://www.uitlaataanbiedingen.nl/oe-uitlaatset-einddemper-middendemper-audi-a3-16.html","https://cdn.webshopapp.com/shops/69473/files/38748558/262x276x2/edex-complete-uitlaat-einddemper-middendemper-audi.jpg","Goedkoop setje, inclusief montagematerialen en 3 jaar garantie. Voor de Audi A3 een einddemper en middendemper! OEM pasvorm en E-keurmerk."
"https://www.uitlaataanbiedingen.nl/uitlaatset/uitlaatset-audi/","uitlaatset-audi","Edex","Complete uitlaat Einddemper + Middendemper Audi A1","Edex Complete uitlaat Einddemper + Middendemper Audi A1","€84,95","","https://www.uitlaataanbiedingen.nl/uitlaatset-einddemper-middendemper-audi-a1.html","https://cdn.webshopapp.com/shops/69473/files/477345742/262x276x2/edex-complete-uitlaat-einddemper-middendemper-audi.jpg","Uitlaatset, Einddemper + Middendemper Audi A1. Nieuw, profiteer nu van groothandelsprijzen, op al onze uitlaten maar liefst 2 jaar garantie!"
"https://www.uitlaataanbiedingen.nl/uitlaatset/uitlaatset-audi/","uitlaatset-audi","Edex","Complete uitlaat middendemper + einddemper Audi TT","Edex Complete uitlaat middendemper + einddemper Audi TT","€109,95","€250,00","https://www.uitlaataanbiedingen.nl/oe-uitlaat-middendemper-einddemper-audi-tt.html","https://cdn.webshopapp.com/shops/69473/files/100579010/262x276x2/edex-complete-uitlaat-middendemper-einddemper-audi.jpg","Uitlaatset middendemper + einddemper Audi TTKwaliteit vergelijkbaar met het origineel!"
"https://www.uitlaataanbiedingen.nl/uitlaatset/uitlaatset-audi/","uitlaatset-audi","Edex","Complete uitlaat Middendemper + Einddemper Audi A3 1.6 FSi","Edex Complete uitlaat Middendemper + Einddemper Audi A3 1.6 FSi","€139,90","€265,00","https://www.uitlaataanbiedingen.nl/uitlaatset-middendemper-einddemper-audi-a3-16-fsi.html","https://cdn.webshopapp.com/shops/69473/files/364233871/262x276x2/edex-complete-uitlaat-middendemper-einddemper-audi.jpg","Uitlaatset, Middendemper + Einddemper Audi A3 1.6 FSi"
"https://www.uitlaataanbiedingen.nl/uitlaatset/uitlaatset-audi/","uitlaatset-audi","Edex","Complete uitlaat Middendemper + Einddemper Audi A4 1.6","Edex Complete uitlaat Middendemper + Einddemper Audi A4 1.6","€169,00","€265,00","https://www.uitlaataanbiedingen.nl/uitlaatset-middendemper-einddemper-audi-a4-16.html","https://cdn.webshopapp.com/shops/69473/files/364237890/262x276x2/edex-complete-uitlaat-middendemper-einddemper-audi.jpg","Uitlaatset, Middendemper + Einddemper Audi A4 1.6"
"https://www.uitlaataanbiedingen.nl/uitlaatset/uitlaatset-audi/","uitlaatset-audi","Edex","Complete uitlaat Middendemper + Einddemper Audi A3 1.6","Edex Complete uitlaat Middendemper + Einddemper Audi A3 1.6","€139,95","€265,00","https://www.uitlaataanbiedingen.nl/uitlaatset-middendemper-einddemper-audi-a3-16.html","https://cdn.webshopapp.com/shops/69473/files/364231815/262x276x2/edex-complete-uitlaat-middendemper-einddemper-audi.jpg","Uitlaatset, Middendemper + Einddemper Audi A3 1.6"
"https://www.uitlaataanbiedingen.nl/uitlaatset/uitlaatset-bmw/","uitlaatset-bmw","Edex","Uitlaatset, Einddemper + Tussendemper + Voorpijp BMW 320","Edex Uitlaatset, Einddemper + Tussendemper + Voorpijp BMW 320","€269,95","","https://www.uitlaataanbiedingen.nl/bmw193bmw194bmw192.html","https://cdn.webshopapp.com/shops/69473/files/468715796/262x276x2/edex-uitlaatset-einddemper-tussendemper-voorpijp-b.jpg","Uitlaatset, Einddemper + Tussendemper + Voorpijp BMW 320"
"https://www.uitlaataanbiedingen.nl/uitlaatset/uitlaatset-bmw/","uitlaatset-bmw","Edex","Uitlaatset, Einddemper + Tussendemper + Voorpijp BMW 3","Edex Uitlaatset, Einddemper + Tussendemper + Voorpijp BMW 3","€214,95","","https://www.uitlaataanbiedingen.nl/bmw109bmw115bmw192.html","https://cdn.webshopapp.com/shops/69473/files/468715773/262x276x2/edex-uitlaatset-einddemper-tussendemper-voorpijp-b.jpg","Uitlaatset, Einddemper + Tussendemper + Voorpijp BMW 3"
"https://www.uitlaataanbiedingen.nl/uitlaatset/uitlaatset-chrysler/","uitlaatset-chrysler","Edex","Complete uitlaat, Einddemper + Middenpijp Chrysler PT Cruiser","Edex Complete uitlaat, Einddemper + Middenpijp Chrysler PT Cruiser","€107,95","€149,95","https://www.uitlaataanbiedingen.nl/uitlaatset-einddemper-middenpijp-chrysler-pt-cruis.html","https://cdn.webshopapp.com/shops/69473/files/421319241/262x276x2/edex-complete-uitlaat-einddemper-middenpijp-chrysl.jpg","Uitlaatset, Einddemper + Middenpijp Chrysler PT Cruiser"
"https://www.uitlaataanbiedingen.nl/uitlaatset/uitlaatset-chrysler/","uitlaatset-chrysler","Edex","Einddemper Chrysler PT Cruiser","Edex Einddemper Chrysler PT Cruiser","€59,00","€119,00","https://www.uitlaataanbiedingen.nl/oe-einddemper-chrysler-pt-cruiser.html","https://cdn.webshopapp.com/shops/69473/files/100571318/262x276x2/edex-einddemper-chrysler-pt-cruiser.jpg","Einddemper voor de PT Cruiser.Kwaliteit gelijkwaardig aan het origineel!"
"https://www.uitlaataanbiedingen.nl/uitlaatset/uitlaatset-citroen/","uitlaatset-citroen","Edex","Complete uitlaat einddemper + middenpijp Citroën C1, Peugeot 107, Toyota Aygo","Edex Complete uitlaat einddemper + middenpijp Citroën C1, Peugeot 107, Toyota Aygo","€84,95","€200,00","https://www.uitlaataanbiedingen.nl/oe-uitlaatset-middendemper-einddemper-citroen-c1-p.html","https://cdn.webshopapp.com/shops/69473/files/420789359/262x276x2/edex-complete-uitlaat-einddemper-middenpijp-citroe.jpg","Goedkoop uitlaatsetje voor de Aygo, C1 en de 107. Natuurlijk 3 jaar garantie! OEM pasvorm en E-keurmerk voor deze uitlaatset."
"https://www.uitlaataanbiedingen.nl/uitlaatset/uitlaatset-citroen/","uitlaatset-citroen","Topautoparts","Complete uitlaat + Katalysator Citroën C1 / Peugeot 107 / Toyota Aygo","Topautoparts Complete uitlaat + Katalysator Citroën C1 / Peugeot 107 / Toyota Aygo","€199,95","€350,00","https://www.uitlaataanbiedingen.nl/oe-uitlaatset-katalysator-citroen-c1-peugeot-107-t.html","https://cdn.webshopapp.com/shops/69473/files/420789530/262x276x2/topautoparts-complete-uitlaat-katalysator-citroen.jpg","Wij bieden aan voor de Toyota Aygo, Citroen C1, Peugeot 107 een katalysator, Middenpijp en einddemper voor slechts € 199,00. Profiteer nu van deze geweldige aanbieding en bespaar honderden euro&#039;s. Bij deze katalysator, middenpijp en einddemper krijg..."
"https://www.uitlaataanbiedingen.nl/uitlaatset/uitlaatset-citroen/","uitlaatset-citroen","Edex","Complete uitlaat, Einddemper + Middendemper Citroen Saxo, Peugeot 106","Edex Complete uitlaat, Einddemper + Middendemper Citroen Saxo, Peugeot 106","€84,95","€180,00","https://www.uitlaataanbiedingen.nl/oe-uitlaatset-einddemper-middendemper-citroen-saxo.html","https://cdn.webshopapp.com/shops/69473/files/38750078/262x276x2/edex-complete-uitlaat-einddemper-middendemper-citr.jpg","Zie hier de Citroen Saxo, Peugeot 106 1.1, 1.4 Middendemper + Achterdemper Uitlaat. Laagste prijs van Nederland en 3 jaar garantie."
"https://www.uitlaataanbiedingen.nl/uitlaatset/uitlaatset-citroen/","uitlaatset-citroen","Edex","Complete uitlaat, Einddemper + Middendemper Citroën C3","Edex Complete uitlaat, Einddemper + Middendemper Citroën C3","€104,95","€250,00","https://www.uitlaataanbiedingen.nl/oe-uitlaatset-einddemper-middendemper-citroen-c3.html","https://cdn.webshopapp.com/shops/69473/files/372676997/262x276x2/edex-complete-uitlaat-einddemper-middendemper-citr.jpg","Goedkope middendemper + Einddemper voor de Citroen C3. Inclusief alle montagematerialen. 3 jaar garantie."
"https://www.uitlaataanbiedingen.nl/uitlaatset/uitlaatset-citroen/","uitlaatset-citroen","Edex","Complete uitlaat, Middendemper + Einddemper Citroen Berlingo, Peugeot Partner","Edex Complete uitlaat, Middendemper + Einddemper Citroen Berlingo, Peugeot Partner","€89,95","€180,00","https://www.uitlaataanbiedingen.nl/oe-uitlaatset-middendemper-einddemper-citroen-berl.html","https://cdn.webshopapp.com/shops/69473/files/38756752/262x276x2/edex-complete-uitlaat-middendemper-einddemper-citr.jpg","Klik hier voor de hoogwaardige Citroen Berlingo 1.1, 1.4 en 1.8 Einddemper + middendemper. U krijgt maar liefst 3 jaar garantie voor deze Einddemper + middendemper."
"https://www.uitlaataanbiedingen.nl/uitlaatset/uitlaatset-citroen/","uitlaatset-citroen","Topautoparts","Complete uitlaat + katalysator Citroën C3","Topautoparts Complete uitlaat + katalysator Citroën C3","€209,95","€299,00","https://www.uitlaataanbiedingen.nl/complete-uitlaatset-met-katalysator-citroen-c3.html","https://cdn.webshopapp.com/shops/69473/files/421319312/262x276x2/topautoparts-complete-uitlaat-katalysator-citroen.jpg","Complete uitlaatset met katalysator Citroën C3"
"https://www.uitlaataanbiedingen.nl/uitlaatset/uitlaatset-citroen/","uitlaatset-citroen","Edex","Complete uitlaat Einddemper + Middendemper Peugeot 106","Edex Complete uitlaat Einddemper + Middendemper Peugeot 106","€84,95","€175,00","https://www.uitlaataanbiedingen.nl/oe-uitlaatset-einddemper-middendemper-peugeot-106.html","https://cdn.webshopapp.com/shops/69473/files/116633069/262x276x2/edex-complete-uitlaat-einddemper-middendemper-peug.jpg","De laagste prijs garantie voor dit uitlaatsetje van de Peugeot 106!! Natuurlijk ook nog eens met 3 jaar garantie. OEM pasvorm en E-keurmerk."
"https://www.uitlaataanbiedingen.nl/uitlaatset/uitlaatset-citroen/","uitlaatset-citroen","Edex","Complete uitlaat, Middendemper + Einddemper Citroen Berlingo / Peugeot Partner","Edex Complete uitlaat, Middendemper + Einddemper Citroen Berlingo / Peugeot Partner","€99,95","€200,00","https://www.uitlaataanbiedingen.nl/oe-uitlaatset-middendemper-einddemper-cit-12850583.html","https://cdn.webshopapp.com/shops/69473/files/429292132/262x276x2/edex-complete-uitlaat-middendemper-einddemper-citr.jpg","De Citroën Berlingo 1.4, 1.6 2000 tot 2003 achterdemper + middendemper beschikt over een hoge kwaliteit. 3 jaar garantie."
"https://www.uitlaataanbiedingen.nl/uitlaatset/uitlaatset-citroen/","uitlaatset-citroen","Edex","Complete uitlaat, Einddemper + Middendemper Citroën Xsara Picasso","Edex Complete uitlaat, Einddemper + Middendemper Citroën Xsara Picasso","€94,95","€200,00","https://www.uitlaataanbiedingen.nl/oe-uitlaatset-einddemper-middendemper-citroen-xsar.html","https://cdn.webshopapp.com/shops/69473/files/38751510/262x276x2/edex-complete-uitlaat-einddemper-middendemper-citr.jpg","Bekijk hier de Citroen Xsara Picasso 1.8 Achterdemper + Middendemper. Laagste prijs van Nederland, hoge kwaliteit, 3 jaar garantie."
"https://www.uitlaataanbiedingen.nl/uitlaatset/uitlaatset-citroen/","uitlaatset-citroen","Edex","Complete uitlaat, Middendemper + Einddemper Citroën C3, DS3, 1.4, 1.6 VTi","Edex Complete uitlaat, Middendemper + Einddemper Citroën C3, DS3, 1.4, 1.6 VTi","€174,95","€300,00","https://www.uitlaataanbiedingen.nl/uitlaatset-middendemper-einddemper-citroen-c3-ds3.html","https://cdn.webshopapp.com/shops/69473/files/443659639/262x276x2/edex-complete-uitlaat-middendemper-einddemper-citr.jpg","Uitlaatset, Middendemper + Einddemper Citroën C3, DS3, 1.4, 1.6 VTi"
"https://www.uitlaataanbiedingen.nl/uitlaatset/uitlaatset-citroen/","uitlaatset-citroen","Edex","Complete uitlaat, Middendemper + Einddemper Citroen Xsara","Edex Complete uitlaat, Middendemper + Einddemper Citroen Xsara","€89,95","€180,00","https://www.uitlaataanbiedingen.nl/oe-uitlaatset-middendemper-einddemper-citroen-xsar.html","https://cdn.webshopapp.com/shops/69473/files/38752790/262x276x2/edex-complete-uitlaat-middendemper-einddemper-citr.jpg","Nieuwe uitlaat voor uw Citroen Xsara. Deze aanbieding bestaat uit een middendemper en einddemper. Inclusief 3 jaar garantie!"
"https://www.uitlaataanbiedingen.nl/uitlaatset/uitlaatset-citroen/","uitlaatset-citroen","Topautoparts","Complete uitlaat + Katalysator Citroën Saxo, Peugeot 106","Topautoparts Complete uitlaat + Katalysator Citroën Saxo, Peugeot 106","€179,95","€300,00","https://www.uitlaataanbiedingen.nl/oe-complete-uitlaat-met-katalysator-citroen-saxo-p.html","https://cdn.webshopapp.com/shops/69473/files/65866654/262x276x2/topautoparts-complete-uitlaat-katalysator-citroen.jpg","Nieuw uitlaatsysteem Peugeot / Citroen"
"https://www.uitlaataanbiedingen.nl/uitlaatset/uitlaatset-citroen/","uitlaatset-citroen","Edex","Complete uitlaat Einddemper + Middendemper Citroën Xsara Picasso 1.6","Edex Complete uitlaat Einddemper + Middendemper Citroën Xsara Picasso 1.6","€129,00","€250,00","https://www.uitlaataanbiedingen.nl/uitlaatset-einddemper-middendemper-citroen-xsara-p.html","https://cdn.webshopapp.com/shops/69473/files/427887358/262x276x2/edex-complete-uitlaat-einddemper-middendemper-citr.jpg","Uitlaatset, Einddemper + Middendemper Citroën Xsara Picasso 1.6"
"https://www.uitlaataanbiedingen.nl/uitlaatset/uitlaatset-citroen/","uitlaatset-citroen","Topautoparts","Complete uitlaat + katalysator Citroën Xsara Picasso","Topautoparts Complete uitlaat + katalysator Citroën Xsara Picasso","€204,95","€400,00","https://www.uitlaataanbiedingen.nl/oe-complete-uitlaat-katalysator-citroen-xsara-pica.html","https://cdn.webshopapp.com/shops/69473/files/165578141/262x276x2/topautoparts-complete-uitlaat-katalysator-citroen.jpg","Uitlaatsysteem Citroën Xsara Picasso"
"https://www.uitlaataanbiedingen.nl/uitlaatset/uitlaatset-citroen/","uitlaatset-citroen","Edex","Complete uitlaat, Einddemper + Middendemper Citroën Xsara","Edex Complete uitlaat, Einddemper + Middendemper Citroën Xsara","€94,95","€180,00","https://www.uitlaataanbiedingen.nl/oe-uitlaatset-einddemper-middendemper-cit-12851083.html","https://cdn.webshopapp.com/shops/69473/files/38758728/262x276x2/edex-complete-uitlaat-einddemper-middendemper-citr.jpg","Nieuwe en goedkope uitlaat voor de Citroen Xsara. Inclusief 3 jaar garantie en verzekerd van de hoogste kwaliteit."
"https://www.uitlaataanbiedingen.nl/uitlaatset/uitlaatset-citroen/","uitlaatset-citroen","Topautoparts","Uitlaatset, Einddemper + Tussendemper Citroën Jumpy","Topautoparts Uitlaatset, Einddemper + Tussendemper Citroën Jumpy","€119,95","","https://www.uitlaataanbiedingen.nl/uitlaatset-einddemper-tussendemper-citroen-jumpy.html","https://cdn.webshopapp.com/shops/69473/files/482535937/262x276x2/topautoparts-uitlaatset-einddemper-tussendemper-ci.jpg","Uitlaatset, Einddemper + Tussendemper Citroën Jumpy"
"https://www.uitlaataanbiedingen.nl/uitlaatset/uitlaatset-daewoo/","uitlaatset-daewoo","Polmo","Complete uitlaat Einddemper + Middendemper Chevrolet Spark","Polmo Complete uitlaat Einddemper + Middendemper Chevrolet Spark","€189,95","€300,00","https://www.uitlaataanbiedingen.nl/uitlaatset-einddemper-middendemper-chevrolet-spark.html","https://cdn.webshopapp.com/shops/69473/files/414926727/262x276x2/polmo-complete-uitlaat-einddemper-middendemper-che.jpg","Uitlaatset, Einddemper + Middendemper Chevrolet Spark"
"https://www.uitlaataanbiedingen.nl/uitlaatset/uitlaatset-daewoo/","uitlaatset-daewoo","Edex","Complete uitlaat Einddemper + Middendemper Daewoo Matiz","Edex Complete uitlaat Einddemper + Middendemper Daewoo Matiz","€89,95","€180,00","https://www.uitlaataanbiedingen.nl/oe-uitlaatset-einddemper-middendemper-dae-12851575.html","https://cdn.webshopapp.com/shops/69473/files/38761656/262x276x2/edex-complete-uitlaat-einddemper-middendemper-daew.jpg","Bekijk hier de goedkoopste Daewoo Matiz 0.8 &amp; 1.0 vanaf 2000 Middendemper + Achterdemper. Hoge kwaliteit, 3 jaar garantie en E-keurmerk."
"https://www.uitlaataanbiedingen.nl/uitlaatset/uitlaatset-daewoo/","uitlaatset-daewoo","Edex","Complete uitlaat, Einddemper + Middendemper Daewoo Matiz","Edex Complete uitlaat, Einddemper + Middendemper Daewoo Matiz","€69,95","€190,00","https://www.uitlaataanbiedingen.nl/oe-uitlaatset-einddemper-middendemper-daewoo-matiz.html","https://cdn.webshopapp.com/shops/69473/files/38779474/262x276x2/edex-complete-uitlaat-einddemper-middendemper-daew.jpg","De Daewoo Matiz 0.8 1998 tot 2000 Middendemper + Achterdemper beschikt over de laagste prijs. Hoge kwaliteit en 3 jaar garantie."
"https://www.uitlaataanbiedingen.nl/uitlaatset/uitlaatset-daewoo/","uitlaatset-daewoo","Polmo","Complete uitlaat Middendemper + Einddemper Daewoo Matiz","Polmo Complete uitlaat Middendemper + Einddemper Daewoo Matiz","€149,95","€250,00","https://www.uitlaataanbiedingen.nl/uitlaatset-middendemper-einddemper-daewoo-matiz.html","https://cdn.webshopapp.com/shops/69473/files/421591543/262x276x2/polmo-complete-uitlaat-middendemper-einddemper-dae.jpg","Uitlaatset, Middendemper + Einddemper Daewoo Matiz"
"https://www.uitlaataanbiedingen.nl/uitlaatset/uitlaatset-daewoo/","uitlaatset-daewoo","Topautoparts","Complete uitlaat + katalysator Daewoo Matiz 0.8","Topautoparts Complete uitlaat + katalysator Daewoo Matiz 0.8","€179,95","€300,00","https://www.uitlaataanbiedingen.nl/oe-complete-uitlaat-katalysator-daewoo-matiz-08-29.html","https://cdn.webshopapp.com/shops/69473/files/68319664/262x276x2/topautoparts-complete-uitlaat-katalysator-daewoo-m.jpg","Compleet uitlaat systeem voor de Daewoo Matiz. Van 2000-2005. Montage materialen leveren wij er gratis bij!!!"
"https://www.uitlaataanbiedingen.nl/uitlaatset/uitlaatset-daewoo/","uitlaatset-daewoo","Topautoparts","Complete uitlaat + katalysator Daewoo Matiz 0.8","Topautoparts Complete uitlaat + katalysator Daewoo Matiz 0.8","€149,95","€350,00","https://www.uitlaataanbiedingen.nl/oe-complete-uitlaat-katalysator-daewoo-matiz-08.html","https://cdn.webshopapp.com/shops/69473/files/68321556/262x276x2/topautoparts-complete-uitlaat-katalysator-daewoo-m.jpg","Complete uitlaatsysteem voor de Daewoo Matiz 0.8. (1998-2005)"
"https://www.uitlaataanbiedingen.nl/uitlaatset/uitlaatset-daihatsu/","uitlaatset-daihatsu","Edex","Complete Uitlaat Middendemper + Einddemper Daihatsu Cuore","Edex Complete Uitlaat Middendemper + Einddemper Daihatsu Cuore","€129,95","€250,00","https://www.uitlaataanbiedingen.nl/oe-uitlaatset-middendemper-einddemper-daihatsu-cuo.html","https://cdn.webshopapp.com/shops/69473/files/61515424/262x276x2/edex-complete-uitlaat-middendemper-einddemper-daih.jpg","uitlaatset Daihatsu Cuore &#039;98 tot &#039;00"
"https://www.uitlaataanbiedingen.nl/uitlaatset/uitlaatset-daihatsu/","uitlaatset-daihatsu","Edex","Complete uitlaat Middendemper + Einddemper Daihatsu Cuore 1.0 vanaf 2003","Edex Complete uitlaat Middendemper + Einddemper Daihatsu Cuore 1.0 vanaf 2003","€144,95","€250,00","https://www.uitlaataanbiedingen.nl/oe-uitlaatset-middendemper-einddemper-dai-12851877.html","https://cdn.webshopapp.com/shops/69473/files/38779828/262x276x2/edex-complete-uitlaat-middendemper-einddemper-daih.jpg","Bekijk hier de Daihatsu Cuore 1.0 03&#039; tot 08 Middendemper + Achterpijp. Laagste prijs van Nederland, E-keurmerk en 3 jaar garantie."
"https://www.uitlaataanbiedingen.nl/uitlaatset/uitlaatset-daihatsu/","uitlaatset-daihatsu","Edex","Complete uitlaat Middendemper + Einddemper Daihatsu Cuore","Edex Complete uitlaat Middendemper + Einddemper Daihatsu Cuore","€129,95","€250,00","https://www.uitlaataanbiedingen.nl/oe-uitlaatset-middendemper-einddemper-dai-12851827.html","https://cdn.webshopapp.com/shops/69473/files/38779686/262x276x2/edex-complete-uitlaat-middendemper-einddemper-daih.jpg","Klik hier voor de goedkoopste Daihatsu Cuore 1.0 &#039;00 tot &#039;02 Middendemper + Achterpijp. Laagste prijs, E-keurmerk en 3 jaar garantie."
"https://www.uitlaataanbiedingen.nl/uitlaatset/uitlaatset-daihatsu/","uitlaatset-daihatsu","Edex","Uitlaat, Eindpijp Daihatsu Cuore 1.0 12_V","Edex Uitlaat, Eindpijp Daihatsu Cuore 1.0 12_V","€24,95","€50,00","https://www.uitlaataanbiedingen.nl/uitlaat-eindpijp-daihatsu-cuore-10-12-v-115722670.html","https://cdn.webshopapp.com/shops/69473/files/348266919/262x276x2/edex-uitlaat-eindpijp-daihatsu-cuore-10-12-v.jpg","Uitlaat, Voorpijp Daihatsu Cuore 1.0 12_V"
"https://www.uitlaataanbiedingen.nl/uitlaatset/uitlaatset-daihatsu/","uitlaatset-daihatsu","EEC","Uitlaat, Eindpijp Daihatsu Cuore 1.0 12_V","EEC Uitlaat, Eindpijp Daihatsu Cuore 1.0 12_V","€24,95","€50,00","https://www.uitlaataanbiedingen.nl/uitlaat-eindpijp-daihatsu-cuore-10-12-v-115722672.html","https://cdn.webshopapp.com/shops/69473/files/348267336/262x276x2/eec-uitlaat-eindpijp-daihatsu-cuore-10-12-v.jpg","Uitlaat, Eindpijp Daihatsu Cuore 1.0 12_V"
"https://www.uitlaataanbiedingen.nl/uitlaatset/uitlaatset-fiat/","uitlaatset-fiat","Edex","Complete uitlaat Einddemper + Voorpijp Fiat Panda Fire","Edex Complete uitlaat Einddemper + Voorpijp Fiat Panda Fire","€94,95","€180,00","https://www.uitlaataanbiedingen.nl/oe-uitlaatset-einddemper-voorpijp-fiat-panda.html","https://cdn.webshopapp.com/shops/69473/files/38780054/262x276x2/edex-complete-uitlaat-einddemper-voorpijp-fiat-pan.jpg","Bekijk hier de Fiat Panda 1.1 &amp; 1.2 vanaf 2003 Voorpijp + Achterdemper. De goedkoopste van Nederland en maar liefst 3 jaar garantie."
"https://www.uitlaataanbiedingen.nl/uitlaatset/uitlaatset-fiat/","uitlaatset-fiat","Edex","Complete uitlaat Voorpijp + Einddemper Fiat Panda Classic, EasyPower","Edex Complete uitlaat Voorpijp + Einddemper Fiat Panda Classic, EasyPower","€94,95","€190,00","https://www.uitlaataanbiedingen.nl/uitlaatset-voorpijp-einddemper-fiat-panda.html","https://cdn.webshopapp.com/shops/69473/files/442068130/262x276x2/edex-complete-uitlaat-voorpijp-einddemper-fiat-pan.jpg","Uitlaatset, Voorpijp + Einddemper Fiat Panda Classic, EasyPower"
"https://www.uitlaataanbiedingen.nl/uitlaatset/uitlaatset-fiat/","uitlaatset-fiat","Edex","Complete uitlaat Einddemper + Middendemper Fiat Grande Punto 1.2","Edex Complete uitlaat Einddemper + Middendemper Fiat Grande Punto 1.2","€99,95","€200,00","https://www.uitlaataanbiedingen.nl/uitlaatset-einddemper-middendemper-fiat-grande-pun.html","https://cdn.webshopapp.com/shops/69473/files/421319414/262x276x2/edex-complete-uitlaat-einddemper-middendemper-fiat.jpg","Uitlaatset, Einddemper + Middendemper Fiat Grande Punto 1.2"
"https://www.uitlaataanbiedingen.nl/uitlaatset/uitlaatset-fiat/","uitlaatset-fiat","Polmo","Uitlaatset, Einddemper + Middendemper Fiat Punto 1.4","Polmo Uitlaatset, Einddemper + Middendemper Fiat Punto 1.4","€129,00","€285,00","https://www.uitlaataanbiedingen.nl/uitlaatset-einddemper-middendemper-fiat-punto-14.html","https://cdn.webshopapp.com/shops/69473/files/472122086/262x276x2/polmo-uitlaatset-einddemper-middendemper-fiat-punt.jpg","Polmo Uitlaatset, Einddemper + Middendemper Fiat Punto 1.4"
"https://www.uitlaataanbiedingen.nl/uitlaatset/uitlaatset-fiat/","uitlaatset-fiat","Edex","Complete uitlaat Einddemper + Middendemper Fiat Grande Punto 1.4","Edex Complete uitlaat Einddemper + Middendemper Fiat Grande Punto 1.4","€99,95","€200,00","https://www.uitlaataanbiedingen.nl/uitlaatset-einddemper-middendemper-fiat-140787295.html","https://cdn.webshopapp.com/shops/69473/files/421878147/262x276x2/edex-complete-uitlaat-einddemper-middendemper-fiat.jpg","Uitlaatset, Einddemper + Middendemper Fiat Grande Punto 1.4"
"https://www.uitlaataanbiedingen.nl/uitlaatset/uitlaatset-fiat/","uitlaatset-fiat","Edex","Complete uitlaat Einddemper + Middenpijp Fiat Punto","Edex Complete uitlaat Einddemper + Middenpijp Fiat Punto","€104,95","€180,00","https://www.uitlaataanbiedingen.nl/oe-uitlaatset-einddemper-middenpijp-fiat-punto.html","https://cdn.webshopapp.com/shops/69473/files/38832784/262x276x2/edex-complete-uitlaat-einddemper-middenpijp-fiat-p.jpg","Nieuwe en goedkope uitlaat voor de Fiat Punto. De laagste prijs garantie en 3 jaar garantie, dat is wat u van ons krijgt!"
"https://www.uitlaataanbiedingen.nl/uitlaatset/uitlaatset-fiat/","uitlaatset-fiat","Edex","Complete uitlaat Einddemper + Middendemper Fiat Punto 1.2 16_V","Edex Complete uitlaat Einddemper + Middendemper Fiat Punto 1.2 16_V","€119,95","€250,00","https://www.uitlaataanbiedingen.nl/oe-uitlaatset-einddemper-middendemper-fiat-punto-1.html","https://cdn.webshopapp.com/shops/69473/files/38824472/262x276x2/edex-complete-uitlaat-einddemper-middendemper-fiat.jpg","De Fiat Punto 1.2 Middendemper + Achterdemper Uitlaat is bij ons het goedkoopst. 3 jaar garantie, E-keur en OEM pasvorm."
"https://www.uitlaataanbiedingen.nl/uitlaatset/uitlaatset-fiat/","uitlaatset-fiat","Edex","Complete uitlaat Einddemper + middenpijp Fiat Seicento 1.1","Edex Complete uitlaat Einddemper + middenpijp Fiat Seicento 1.1","€94,95","€180,00","https://www.uitlaataanbiedingen.nl/oe-fiat-seicento-11-vanaf-1998-voorpijp-einddemper.html","https://cdn.webshopapp.com/shops/69473/files/38780202/262x276x2/edex-complete-uitlaat-einddemper-middenpijp-fiat-s.jpg","Goedkope uitlaat voor de Fiat Seicento 1.1. U krijgt hierop 3 jaar garantie en tevens zijn de montagematerialen gratis."
"https://www.uitlaataanbiedingen.nl/uitlaatset/uitlaatset-fiat/","uitlaatset-fiat","Polmo","Uitlaatset, Einddemper + Voorpijp Fiat Doblo","Polmo Uitlaatset, Einddemper + Voorpijp Fiat Doblo","€94,95","","https://www.uitlaataanbiedingen.nl/uitlaatset-einddemper-voorpijp-fiat-doblo.html","https://cdn.webshopapp.com/shops/69473/files/477665582/262x276x2/polmo-uitlaatset-einddemper-voorpijp-fiat-doblo.jpg","Uitlaatset, Einddemper + Voorpijp Fiat Doblo"
"https://www.uitlaataanbiedingen.nl/uitlaatset/uitlaatset-fiat/","uitlaatset-fiat","Edex","Uitlaatset, Einddemper + Tussendemper Fiat Bravo","Edex Uitlaatset, Einddemper + Tussendemper Fiat Bravo","€154,95","","https://www.uitlaataanbiedingen.nl/fia080fia457.html","https://cdn.webshopapp.com/shops/69473/files/468710324/262x276x2/edex-uitlaatset-einddemper-tussendemper-fiat-bravo.jpg","Uitlaatset, Einddemper + Tussendemper Fiat Bravo"
"https://www.uitlaataanbiedingen.nl/uitlaatset/uitlaatset-fiat/","uitlaatset-fiat","Edex","Uitlaatset, Einddemper + Tussendemper Fiat Stilo","Edex Uitlaatset, Einddemper + Tussendemper Fiat Stilo","€144,95","","https://www.uitlaataanbiedingen.nl/fia080fia432.html","https://cdn.webshopapp.com/shops/69473/files/468710301/262x276x2/edex-uitlaatset-einddemper-tussendemper-fiat-stilo.jpg","Uitlaatset, Einddemper + Tussendemper Fiat Stilo"
"https://www.uitlaataanbiedingen.nl/uitlaatset/uitlaatset-ford/","uitlaatset-ford","Edex","Complete uitlaat Einddemper + Middendemper Ford Ka","Edex Complete uitlaat Einddemper + Middendemper Ford Ka","€94,95","€180,00","https://www.uitlaataanbiedingen.nl/oe-uitlaatset-einddemper-middendemper-ford-ka.html","https://cdn.webshopapp.com/shops/69473/files/38981842/262x276x2/edex-complete-uitlaat-einddemper-middendemper-ford.jpg","Bekijk hier de Ford Ka 1.3 &#039;96 tot 2000 Middendemper + Achterdemper. Laagste prijs van Nederland en 3 jaar garantie."
"https://www.uitlaataanbiedingen.nl/uitlaatset/uitlaatset-ford/","uitlaatset-ford","Edex","Uitlaatset, Einddemper + Voorpijp Ford Fiesta 6","Edex Uitlaatset, Einddemper + Voorpijp Ford Fiesta 6","€124,95","","https://www.uitlaataanbiedingen.nl/for014for015-154835495.html","https://cdn.webshopapp.com/shops/69473/files/468715973/262x276x2/edex-uitlaatset-einddemper-voorpijp-ford-fiesta-6.jpg","Uitlaatset, Einddemper + Voorpijp Ford Fiesta 6"
"https://www.uitlaataanbiedingen.nl/uitlaatset/uitlaatset-ford/","uitlaatset-ford","Polmo","Uitlaatset, Einddemper + Middendemper + Eindpijp Ford Focus , Volvo C30","Polmo Uitlaatset, Einddemper + Middendemper + Eindpijp Ford Focus , Volvo C30","€139,00","","https://www.uitlaataanbiedingen.nl/uitlaatset-einddemper-middendemper-eindpijp-ford-f.html","https://cdn.webshopapp.com/shops/69473/files/472004443/262x276x2/polmo-uitlaatset-einddemper-middendemper-eindpijp.jpg","Uitlaatset, Einddemper + Middendemper + Eindpijp Ford Focus , Volvo C30"
"https://www.uitlaataanbiedingen.nl/uitlaatset/uitlaatset-ford/","uitlaatset-ford","Polmo","Uitlaatset Ford Galaxy / S-Max / Mondeo","Polmo Uitlaatset Ford Galaxy / S-Max / Mondeo","€124,95","","https://www.uitlaataanbiedingen.nl/uitlaatset-ford-galaxy-s-max-mondeo-157904222.html","https://cdn.webshopapp.com/shops/69473/files/476993463/262x276x2/polmo-uitlaatset-ford-galaxy-s-max-mondeo.jpg","Uitlaatset Ford Galaxy / S-Max / Mondeo"
"https://www.uitlaataanbiedingen.nl/uitlaatset/uitlaatset-ford/","uitlaatset-ford","Edex","Complete uitlaat Ford Focus 2, C-MAX, Volvo C30, S40, V50","Edex Complete uitlaat Ford Focus 2, C-MAX, Volvo C30, S40, V50","€139,00","€215,00","https://www.uitlaataanbiedingen.nl/oe-uitlaat-ford-focus-2-c-max-volvo-c30-s40-v50.html","https://cdn.webshopapp.com/shops/69473/files/348099479/262x276x2/edex-complete-uitlaat-ford-focus-2-c-max-volvo-c30.jpg","Tussendemper + einddemper + uitlaatpijp voor de Ford Focus 2, C-MAX / Volvo C30, S40, V50"
"https://www.uitlaataanbiedingen.nl/uitlaatset/uitlaatset-ford/","uitlaatset-ford","Edex","Uitlaatset, Einddemper + Voorpijp Ford Fiesta 5","Edex Uitlaatset, Einddemper + Voorpijp Ford Fiesta 5","€119,95","","https://www.uitlaataanbiedingen.nl/for011for013.html","https://cdn.webshopapp.com/shops/69473/files/468715811/262x276x2/edex-uitlaatset-einddemper-voorpijp-ford-fiesta-5.jpg","Uitlaatset, Einddemper + Voorpijp Ford Fiesta 5"
"https://www.uitlaataanbiedingen.nl/uitlaatset/uitlaatset-ford/","uitlaatset-ford","Edex","Uitlaatset, Einddemper + Voorpijp Ford Fiesta 5","Edex Uitlaatset, Einddemper + Voorpijp Ford Fiesta 5","€109,95","","https://www.uitlaataanbiedingen.nl/for012for013.html","https://cdn.webshopapp.com/shops/69473/files/468715886/262x276x2/edex-uitlaatset-einddemper-voorpijp-ford-fiesta-5.jpg","Uitlaatset, Einddemper + Voorpijp Ford Fiesta 5"
"https://www.uitlaataanbiedingen.nl/uitlaatset/uitlaatset-ford/","uitlaatset-ford","Topautoparts","Complete uitlaat + katalysator Ford Focus 1.6","Topautoparts Complete uitlaat + katalysator Ford Focus 1.6","€249,95","€400,00","https://www.uitlaataanbiedingen.nl/oe-uitlaatset-katalysator-ford-focus-16.html","https://cdn.webshopapp.com/shops/69473/files/69306614/262x276x2/topautoparts-complete-uitlaat-katalysator-ford-foc.jpg","compleet uitlaatsysteem voor de Ford Focus 1.6"
"https://www.uitlaataanbiedingen.nl/uitlaatset/uitlaatset-ford/","uitlaatset-ford","Edex","Complete uitlaat Einddemper + Middendemper Ford Focus","Edex Complete uitlaat Einddemper + Middendemper Ford Focus","€94,95","€180,00","https://www.uitlaataanbiedingen.nl/oe-uitlaatset-einddemper-middendemper-ford-focus.html","https://cdn.webshopapp.com/shops/69473/files/38833684/262x276x2/edex-complete-uitlaat-einddemper-middendemper-ford.jpg","Nieuwe complete uitlaat voor de Ford focus 1.6. Inclusief montagematerialen, 3 jaar garantie en voorzien van Keurmerken!"
"https://www.uitlaataanbiedingen.nl/uitlaatset/uitlaatset-ford/","uitlaatset-ford","Edex","Complete uitlaat Einddemper + Middendemper Ford Focus station","Edex Complete uitlaat Einddemper + Middendemper Ford Focus station","€94,95","€180,00","https://www.uitlaataanbiedingen.nl/oe-uitlaatset-einddemper-middendemper-ford-focus-s.html","https://cdn.webshopapp.com/shops/69473/files/38834184/262x276x2/edex-complete-uitlaat-einddemper-middendemper-ford.jpg","Klik hier voor de Ford Focus 1.6 Middendemper + Achterdemper Uitlaat. Laagste prijs van Nederland, 3 jaar garantie en E-keur."
"https://www.uitlaataanbiedingen.nl/uitlaatset/uitlaatset-ford/","uitlaatset-ford","Edex","Uitlaatset, Einddemper + Tussendemper Ford Fiesta 6","Edex Uitlaatset, Einddemper + Tussendemper Ford Fiesta 6","€119,95","","https://www.uitlaataanbiedingen.nl/for015for016.html","https://cdn.webshopapp.com/shops/69473/files/468715990/262x276x2/edex-uitlaatset-einddemper-tussendemper-ford-fiest.jpg","Uitlaatset, Einddemper + Tussendemper Ford Fiesta 6"
"https://www.uitlaataanbiedingen.nl/uitlaatset/uitlaatset-ford/","uitlaatset-ford","Topautoparts","Complete uitlaat + katalysator Ford Focus 1.4","Topautoparts Complete uitlaat + katalysator Ford Focus 1.4","€249,95","€400,00","https://www.uitlaataanbiedingen.nl/oe-uitlaatset-katalysator-ford-focus-14.html","https://cdn.webshopapp.com/shops/69473/files/69313034/262x276x2/topautoparts-complete-uitlaat-katalysator-ford-foc.jpg","Compleet uitlaat systeem Ford Focus 1.4"
"https://www.uitlaataanbiedingen.nl/uitlaatset/uitlaatset-ford/","uitlaatset-ford","Edex","Uitlaatset, Einddemper + Voordemper+ Tussenpijp Ford Focus","Edex Uitlaatset, Einddemper + Voordemper+ Tussenpijp Ford Focus","€164,95","","https://www.uitlaataanbiedingen.nl/for017for019for020.html","https://cdn.webshopapp.com/shops/69473/files/468716032/262x276x2/edex-uitlaatset-einddemper-voordemper-tussenpijp-f.jpg","Uitlaatset, Einddemper + Voordemper+ Tussenpijp Ford Focus"
"https://www.uitlaataanbiedingen.nl/uitlaatset/uitlaatset-ford/","uitlaatset-ford","Edex","Uitlaatset Einddemper + Tussendemper Ford Galaxy, Mondeo","Edex Uitlaatset Einddemper + Tussendemper Ford Galaxy, Mondeo","€119,95","","https://www.uitlaataanbiedingen.nl/uitlaatset-ford-galaxy-mondeo.html","https://cdn.webshopapp.com/shops/69473/files/477345483/262x276x2/edex-uitlaatset-einddemper-tussendemper-ford-galax.jpg","Uitlaatset Einddemper + Tussendemper Ford Galaxy, Mondeo"
"https://www.uitlaataanbiedingen.nl/uitlaatset/uitlaatset-ford/","uitlaatset-ford","Edex","Uitlaatset, Einddemper + Voordemper+ Tussenpijp Ford Focus","Edex Uitlaatset, Einddemper + Voordemper+ Tussenpijp Ford Focus","€164,95","","https://www.uitlaataanbiedingen.nl/for017for019for018.html","https://cdn.webshopapp.com/shops/69473/files/468716064/262x276x2/edex-uitlaatset-einddemper-voordemper-tussenpijp-f.jpg","Uitlaatset, Einddemper + Voordemper+ Tussenpijp Ford Focus"
"https://www.uitlaataanbiedingen.nl/uitlaatset/uitlaatset-ford/","uitlaatset-ford","Polmo","Uitlaatset, Middendemper + Einddemper Ford Fiesta 1.6","Polmo Uitlaatset, Middendemper + Einddemper Ford Fiesta 1.6","€169,00","€350,00","https://www.uitlaataanbiedingen.nl/uitlaatset-middendemper-einddemper-ford-fiesta-16.html","https://cdn.webshopapp.com/shops/69473/files/494882382/262x276x2/polmo-uitlaatset-middendemper-einddemper-ford-fies.jpg","Uitlaatset, Middendemper + Einddemper Ford Fiesta 1.6"
"https://www.uitlaataanbiedingen.nl/uitlaatset/uitlaatset-ford/","uitlaatset-ford","Polmo","Uitlaatset, Einddemper + Tussendemper + Eindpijp Ford","Polmo Uitlaatset, Einddemper + Tussendemper + Eindpijp Ford","€139,00","€250,00","https://www.uitlaataanbiedingen.nl/uitlaatset-einddemper-tussendemper-eindpijp-ford.html","https://cdn.webshopapp.com/shops/69473/files/494560327/262x276x2/polmo-uitlaatset-einddemper-tussendemper-eindpijp.jpg","Nieuwe uitlaatset voor de Ford C-max, Focus 1.0"
"https://www.uitlaataanbiedingen.nl/uitlaatset/uitlaatset-honda/","uitlaatset-honda","Edex","Complete uitlaat Einddemper + Middendemper Honda Civic 1.4","Edex Complete uitlaat Einddemper + Middendemper Honda Civic 1.4","€109,95","€200,00","https://www.uitlaataanbiedingen.nl/oe-uitlaatset-einddemper-middendemper-honda-civic.html","https://cdn.webshopapp.com/shops/69473/files/38988332/262x276x2/edex-complete-uitlaat-einddemper-middendemper-hond.jpg","Nieuwe en goedkope uitlaat voor de Honda Civic. Deze delen zijn voorzien van een E-keurmerk en u krijgt er 3 jaar garantie op."
"https://www.uitlaataanbiedingen.nl/uitlaatset/uitlaatset-honda/","uitlaatset-honda","Edex","Complete uitlaat Middendemper + Einddemper Honda CR-V 2.0","Edex Complete uitlaat Middendemper + Einddemper Honda CR-V 2.0","€109,95","€200,00","https://www.uitlaataanbiedingen.nl/oe-uitlaatset-middendemper-einddemper-honda-cr-v-2.html","https://cdn.webshopapp.com/shops/69473/files/80161520/262x276x2/edex-complete-uitlaat-middendemper-einddemper-hond.jpg","Midden demper en einddemper voor de Honda CR-V 2.0.Super scherp geprijsd en natuurlijk van hoogwaardige kwaliteit. <br /> U krijgt bij ons daarom ook gewoon 3 jaar garantie."
"https://www.uitlaataanbiedingen.nl/uitlaatset/uitlaatset-honda/","uitlaatset-honda","Edex","Complete uitlaat Middendemper + Einddemper Honda Civic","Edex Complete uitlaat Middendemper + Einddemper Honda Civic","€109,95","€200,00","https://www.uitlaataanbiedingen.nl/oe-uitlaatset-middendemper-einddemper-honda-civic.html","https://cdn.webshopapp.com/shops/69473/files/39013654/262x276x2/edex-complete-uitlaat-middendemper-einddemper-hond.jpg","Nieuwe einddemper en middendemper van uitstekende kwaliteit!"
"https://www.uitlaataanbiedingen.nl/uitlaatset/uitlaatset-honda/","uitlaatset-honda","Edex","Complete uitlaat Einddemper + Middendemper Honda Jazz","Edex Complete uitlaat Einddemper + Middendemper Honda Jazz","€119,95","€200,00","https://www.uitlaataanbiedingen.nl/uitlaatset-einddemper-middendemper-honda-jazz.html","https://cdn.webshopapp.com/shops/69473/files/421904043/262x276x2/edex-complete-uitlaat-einddemper-middendemper-hond.jpg","Uitlaatset, Einddemper + Middendemper Honda Jazz"
"https://www.uitlaataanbiedingen.nl/uitlaatset/uitlaatset-honda/","uitlaatset-honda","Edex","Complete uitlaat Middendemper + Einddemper Honda HR-V","Edex Complete uitlaat Middendemper + Einddemper Honda HR-V","€109,95","€200,00","https://www.uitlaataanbiedingen.nl/uitlaatset-middendemper-einddemper-honda-hr-v.html","https://cdn.webshopapp.com/shops/69473/files/421788261/262x276x2/edex-complete-uitlaat-middendemper-einddemper-hond.jpg","Complete uitlaat Middendemper + Einddemper Honda HR-V"
"https://www.uitlaataanbiedingen.nl/uitlaatset/uitlaatset-honda/","uitlaatset-honda","Edex","Uitlaatset, Einddemper + Tussendemper Honda CR-V 2.0","Edex Uitlaatset, Einddemper + Tussendemper Honda CR-V 2.0","€104,95","€159,95","https://www.uitlaataanbiedingen.nl/uitlaat-einddemper-tussendemper-honda-cr-v-20-copy.html","https://cdn.webshopapp.com/shops/69473/files/482916962/262x276x2/edex-uitlaatset-einddemper-tussendemper-honda-cr-v.jpg","Uitlaatset, Einddemper + Tussendemper Honda CR-V 2.0. Profiteer van 1 jaar garantie op al onze onderdelen! Snelle levertijd en altijd de scherpste prijs!"
"https://www.uitlaataanbiedingen.nl/uitlaatset/uitlaatset-honda/","uitlaatset-honda","Edex","Complete uitlaat Einddemper + Middendemper Honda Civic 5 deurs","Edex Complete uitlaat Einddemper + Middendemper Honda Civic 5 deurs","€109,95","€200,00","https://www.uitlaataanbiedingen.nl/oe-uitlaatset-einddemper-middendemper-hon-13855521.html","https://cdn.webshopapp.com/shops/69473/files/39017670/262x276x2/edex-complete-uitlaat-einddemper-middendemper-hond.jpg","Klik hier voor de Honda Civic 1.4, 1.5, 1.6 5-Drs. Middendemper + Achterdemper. Laagste prijs van Nederland, 3 jaar garantie en E-keur."
"https://www.uitlaataanbiedingen.nl/uitlaatset/uitlaatset-honda/","uitlaatset-honda","Polmo","Complete uitlaat Middendemper + Einddemper Honda Civic 1.4, 1.6","Polmo Complete uitlaat Middendemper + Einddemper Honda Civic 1.4, 1.6","€149,95","€300,00","https://www.uitlaataanbiedingen.nl/uitlaatset-middendemper-einddemper-honda-civic-14.html","https://cdn.webshopapp.com/shops/69473/files/443661540/262x276x2/polmo-complete-uitlaat-middendemper-einddemper-hon.jpg","Uitlaatset, Middendemper + Einddemper Honda Civic 1.4, 1.6"
"https://www.uitlaataanbiedingen.nl/uitlaatset/uitlaatset-honda/","uitlaatset-honda","Polmo","Complete uitlaat Middendemper + Einddemper Honda Civic Aerodeck 1.4i, 1.5i","Polmo Complete uitlaat Middendemper + Einddemper Honda Civic Aerodeck 1.4i, 1.5i","€124,95","€220,00","https://www.uitlaataanbiedingen.nl/oe-uitlaat-honda-civic-aerodeck-14i-15i-middendemp.html","https://cdn.webshopapp.com/shops/69473/files/38985996/262x276x2/polmo-complete-uitlaat-middendemper-einddemper-hon.jpg","Klik hier voor de Honda Civic 1.4, 1.6 Middendemper, Achterdemper Uitlaat. Laagste prijs, 3 jaar garantie en E-keurmerk."
"https://www.uitlaataanbiedingen.nl/uitlaatset/uitlaatset-hyundai/","uitlaatset-hyundai","BM","Complete uitlaat + katalysator Hyundai Atos 1.0","BM Catalyst Complete uitlaat + katalysator Hyundai Atos 1.0","€229,00","€350,00","https://www.uitlaataanbiedingen.nl/oe-uitlaatset-katalysator-hyundai-atos-10.html","https://cdn.webshopapp.com/shops/69473/files/69727484/262x276x2/bm-catalyst-complete-uitlaat-katalysator-hyundai-a.jpg","Uitlaatsysteem Hyundai Atos"
"https://www.uitlaataanbiedingen.nl/uitlaatset/uitlaatset-hyundai/","uitlaatset-hyundai","Edex","Complete uitlaat Einddemper + Middendemper Hyundai","Edex Complete uitlaat Einddemper + Middendemper Hyundai","€89,95","€190,00","https://www.uitlaataanbiedingen.nl/oe-uitlaatset-einddemper-middendemper-hyundai.html","https://cdn.webshopapp.com/shops/69473/files/39018874/262x276x2/edex-complete-uitlaat-einddemper-middendemper-hyun.jpg","Nieuwe uitlaat voor de Hyundai Atos. Inclusief montagematerialen en 3 jaar garantie!"
"https://www.uitlaataanbiedingen.nl/uitlaatset/uitlaatset-hyundai/","uitlaatset-hyundai","Edex","Complete uitlaat einddemper + middendemper Hyundai Getz","Edex Complete uitlaat einddemper + middendemper Hyundai Getz","€104,95","€200,00","https://www.uitlaataanbiedingen.nl/oe-uitlaatset-einddemper-middendemper-hyundai-getz.html","https://cdn.webshopapp.com/shops/69473/files/80849474/262x276x2/edex-complete-uitlaat-einddemper-middendemper-hyun.jpg","Goedkope uitlaat Hyundai Getz. Inclusief montagematerialen en 3 jaar garantie."
"https://www.uitlaataanbiedingen.nl/uitlaatset/uitlaatset-hyundai/","uitlaatset-hyundai","Edex","Complete uitlaat Einddemper + Middendemper Hyundai i10","Edex Complete uitlaat Einddemper + Middendemper Hyundai i10","€139,95","€300,00","https://www.uitlaataanbiedingen.nl/uitlaatset-einddemper-middendemper-hyundai-i10.html","https://cdn.webshopapp.com/shops/69473/files/291616770/262x276x2/edex-complete-uitlaat-einddemper-middendemper-hyun.jpg","Uitlaatset, Einddemper + Middendemper Hyundai i10"
"https://www.uitlaataanbiedingen.nl/uitlaatset/uitlaatset-hyundai/","uitlaatset-hyundai","Edex","Complete uitlaat voordemper + middendemper + einddemper Hyundai Matrix","Edex Complete uitlaat voordemper + middendemper + einddemper Hyundai Matrix","€199,95","€400,00","https://www.uitlaataanbiedingen.nl/oe-uitlaat-voordemper-middendemper-einddemperhyund.html","https://cdn.webshopapp.com/shops/69473/files/159341894/262x276x2/edex-complete-uitlaat-voordemper-middendemper-eind.jpg","Uitlaatset voordemper + middendemper + einddemper Hyundai Matrix."
"https://www.uitlaataanbiedingen.nl/uitlaatset/uitlaatset-hyundai/","uitlaatset-hyundai","Edex","Complete uitlaat Einddemper + Middendemper + Voorpijp Hyundai i20","Edex Complete uitlaat Einddemper + Middendemper + Voorpijp Hyundai i20","€149,95","€250,00","https://www.uitlaataanbiedingen.nl/uitlaatset-einddemper-middendemper-voorpijp-hyunda.html","https://cdn.webshopapp.com/shops/69473/files/421774616/262x276x2/edex-complete-uitlaat-einddemper-middendemper-voor.jpg","Uitlaatset, Einddemper + Middendemper + Voorpijp Hyundai i20"
"https://www.uitlaataanbiedingen.nl/uitlaatset/uitlaatset-hyundai/","uitlaatset-hyundai","Polmo","Uitlaatset, Einddemper + Middendemper Hyundai Ix35 / Kia Sportage","Polmo Uitlaatset, Einddemper + Middendemper Hyundai Ix35 / Kia Sportage","€169,95","","https://www.uitlaataanbiedingen.nl/uitlaatset-einddemper-middendemper-hyundai-ix35-ki.html","https://cdn.webshopapp.com/shops/69473/files/468709356/262x276x2/polmo-uitlaatset-einddemper-middendemper-hyundai-i.jpg","Uitlaatset, Einddemper + Middendemper Hyundai Ix35 / Kia Sportage"
"https://www.uitlaataanbiedingen.nl/uitlaatset/uitlaatset-kia/","uitlaatset-kia","Edex","Complete uitlaat Einddemper + Middendemper Kia Picanto","Edex Complete uitlaat Einddemper + Middendemper Kia Picanto","€114,95","€300,00","https://www.uitlaataanbiedingen.nl/oe-uitlaatset-einddemper-middendemper-kia-picanto.html","https://cdn.webshopapp.com/shops/69473/files/61623108/262x276x2/edex-complete-uitlaat-einddemper-middendemper-kia.jpg","Uitlaat set van de Kia Picanto!"
"https://www.uitlaataanbiedingen.nl/uitlaatset/uitlaatset-kia/","uitlaatset-kia","Edex","Complete uitlaat Einddemper + Middendemper Kia Picanto 1.0/1.2","Edex Complete uitlaat Einddemper + Middendemper Kia Picanto 1.0/1.2","€139,95","","https://www.uitlaataanbiedingen.nl/uitlaatset-einddemper-middendemper-kia-picanto-10.html","https://cdn.webshopapp.com/shops/69473/files/464052530/262x276x2/edex-complete-uitlaat-einddemper-middendemper-kia.jpg","Uitlaatset, Einddemper + Middendemper Kia Picanto 1.0/1.2"
"https://www.uitlaataanbiedingen.nl/uitlaatset/uitlaatset-kia/","uitlaatset-kia","Edex","Uitlaatset, Einddemper + Tussendemper Kia Cee&#039;d","Edex Uitlaatset, Einddemper + Tussendemper Kia Cee&#039;d","€129,95","","https://www.uitlaataanbiedingen.nl/kia067kia068.html","https://cdn.webshopapp.com/shops/69473/files/468716103/262x276x2/edex-uitlaatset-einddemper-tussendemper-kia-ceed.jpg","Uitlaatset, Einddemper + Tussendemper Kia Cee&#039;d"
"https://www.uitlaataanbiedingen.nl/uitlaatset/uitlaatset-kia/","uitlaatset-kia","Edex","Uitlaatset, Einddemper + Tussendemper Kia Pro Cee&#039;d","Edex Uitlaatset, Einddemper + Tussendemper Kia Pro Cee&#039;d","€144,95","","https://www.uitlaataanbiedingen.nl/kia068kia156.html","https://cdn.webshopapp.com/shops/69473/files/468716116/262x276x2/edex-uitlaatset-einddemper-tussendemper-kia-pro-ce.jpg","Uitlaatset, Einddemper + Tussendemper Kia Pro Cee&#039;d"
"https://www.uitlaataanbiedingen.nl/uitlaatset/uitlaatset-mazda/","uitlaatset-mazda","Edex","Complete uitlaat Middendemper + einddemper Mazda 323 1.5","Edex Complete uitlaat Middendemper + einddemper Mazda 323 1.5","€114,95","€250,00","https://www.uitlaataanbiedingen.nl/oe-uitlaatset-middendemper-einddemper-mazda-323-15.html","https://cdn.webshopapp.com/shops/69473/files/61646220/262x276x2/edex-complete-uitlaat-middendemper-einddemper-mazd.jpg","Uitlaat set Mazda"
"https://www.uitlaataanbiedingen.nl/uitlaatset/uitlaatset-mercedes/","uitlaatset-mercedes","Edex","Uitlaatset, Tussendemper + Eindpijp Mercedes Sprinter (Extra Lange Wielbasis)","Edex Uitlaatset, Tussendemper + Eindpijp Mercedes Sprinter  (Extra Lange Wielbasis)","€139,95","€199,95","https://www.uitlaataanbiedingen.nl/uitlaatset-tussendemper-eindpijp-mercede-159464752.html","https://cdn.webshopapp.com/shops/69473/files/482917559/262x276x2/edex-uitlaatset-tussendemper-eindpijp-mercedes-spr.jpg","Uitlaatset, Tussendemper + Eindpijp Mercedes Sprinter (Extra Lange Wielbasis). Profiteer van 1 jaar garantie op al onze onderdelen! Snelle levertijd en altijd de scherpste prijs!"
"https://www.uitlaataanbiedingen.nl/uitlaatset/uitlaatset-mercedes/","uitlaatset-mercedes","Edex","Uitlaatset, Tussendemper + Eindpijp Mercedes Sprinter (Lange Wielbasis)","Edex Uitlaatset, Tussendemper + Eindpijp Mercedes Sprinter  (Lange Wielbasis)","€139,95","€199,95","https://www.uitlaataanbiedingen.nl/uitlaatset-tussendemper-eindpijp-mercedes-sprinter.html","https://cdn.webshopapp.com/shops/69473/files/482917401/262x276x2/edex-uitlaatset-tussendemper-eindpijp-mercedes-spr.jpg","Uitlaatset, Tussendemper + Eindpijp Mercedes Sprinter (Lange Wielbasis). Profiteer van 1 jaar garantie op al onze onderdelen! Snelle levertijd en altijd de scherpste prijs!"
"https://www.uitlaataanbiedingen.nl/uitlaatset/uitlaatset-mercedes/","uitlaatset-mercedes","Edex","Uitlaatset, Tussendemper + Eindpijp Mercedes Sprinter (Korte Wielbasis)","Edex Uitlaatset, Tussendemper + Eindpijp Mercedes Sprinter  (Korte Wielbasis)","€129,95","€199,95","https://www.uitlaataanbiedingen.nl/uitlaat-tussendemper-eindpijp-mercedes-sprinter.html","https://cdn.webshopapp.com/shops/69473/files/482917269/262x276x2/edex-uitlaatset-tussendemper-eindpijp-mercedes-spr.jpg","Uitlaatset, Tussendemper + Eindpijp Mercedes Sprinter (Korte Wielbasis). Profiteer van 1 jaar garantie op al onze onderdelen! Snelle levertijd en altijd de scherpste prijs!"
"https://www.uitlaataanbiedingen.nl/uitlaatset/uitlaatset-mini/","uitlaatset-mini","Edex","Complete Uitlaat Mini Cooper S","Edex Complete Uitlaat Mini Cooper S","€299,00","€550,00","https://www.uitlaataanbiedingen.nl/oe-complete-uitlaat-mini-cooper-s.html","https://cdn.webshopapp.com/shops/69473/files/41027896/262x276x2/edex-complete-uitlaat-mini-cooper-s.jpg","Wij bieden u een hoge kwaliteit uitlaat aan voor uw mini. U rijdt namelijk een fantastische auto. Maar het vervangen van uw uitlaat bij dealers word al snel een duur grapje. Wij bieden u daarom een alternatief aan. Wij leveren u daarom een hoge kwali..."
"https://www.uitlaataanbiedingen.nl/uitlaatset/uitlaatset-mini/","uitlaatset-mini","Edex","Uitlaat, Einddemper Mini Cooper 1.6","Edex Uitlaat, Einddemper Mini Cooper 1.6","€129,95","€250,00","https://www.uitlaataanbiedingen.nl/oe-uitlaat-einddemper-mini-cooper-16.html","https://cdn.webshopapp.com/shops/69473/files/432754972/262x276x2/edex-uitlaat-einddemper-mini-cooper-16.jpg","ASSO: 29.7003BOSAL: 290-159<br /> EEC: EBM354P<br /> WALKER: 22685"
"https://www.uitlaataanbiedingen.nl/uitlaatset/uitlaatset-mini/","uitlaatset-mini","Edex","Uitlaat, Middendemper Mini Cooper S R53","Edex Uitlaat, Middendemper Mini Cooper S R53","€149,95","€299,00","https://www.uitlaataanbiedingen.nl/oe-middendemper-mini-cooper-s-r53.html","https://cdn.webshopapp.com/shops/69473/files/51304550/262x276x2/edex-uitlaat-middendemper-mini-cooper-s-r53.jpg","Middendemper Mini Cooper S R53"
"https://www.uitlaataanbiedingen.nl/uitlaatset/uitlaatset-mini/","uitlaatset-mini","Edex","Uitlaat, Einddemper Mini Cooper S R53","Edex Uitlaat, Einddemper Mini Cooper S R53","€139,95","€275,00","https://www.uitlaataanbiedingen.nl/oe-einddemper-mini-cooper-s-r53.html","https://cdn.webshopapp.com/shops/69473/files/51304104/262x276x2/edex-uitlaat-einddemper-mini-cooper-s-r53.jpg","Einddemper Mini Cooper S R53"
"https://www.uitlaataanbiedingen.nl/uitlaatset/uitlaatset-mini/","uitlaatset-mini","Topautoparts","Complete uitlaatset + katalysator Mini Cooper 1.6","Topautoparts Complete uitlaatset + katalysator Mini Cooper 1.6","€299,00","€400,00","https://www.uitlaataanbiedingen.nl/oe-compleet-uitlaatsysteem-mini-cooper-16.html","https://cdn.webshopapp.com/shops/69473/files/420853339/262x276x2/topautoparts-complete-uitlaatset-katalysator-mini.jpg","Complete uitlaatset + katalysator Mini Cooper 1.6. Profiteer nu van de scherpste prijzen en altijd 1 jaar garantie op al onze onderdelen. Neem gerust contact met ons op: 0541-700 233."
"https://www.uitlaataanbiedingen.nl/uitlaatset/uitlaatset-mini/","uitlaatset-mini","Edex","Complete uitlaat Einddemper + Middendemper Mini Cooper 1.6 vanaf 2006","Edex Complete uitlaat Einddemper + Middendemper Mini Cooper 1.6 vanaf 2006","€219,00","€375,00","https://www.uitlaataanbiedingen.nl/uitlaatset-einddemper-middendemper-mini-cooper-16.html","https://cdn.webshopapp.com/shops/69473/files/477654753/262x276x2/edex-complete-uitlaat-einddemper-middendemper-mini.jpg","Uitlaatset, Einddemper + Middendemper Mini Cooper 1.6 vanaf 2006"
"https://www.uitlaataanbiedingen.nl/uitlaatset/uitlaatset-mini/","uitlaatset-mini","Edex","Uitlaat, Einddemper Mini One 1,4, 1.6","Edex Uitlaat, Einddemper Mini One 1,4, 1.6","€119,95","€250,00","https://www.uitlaataanbiedingen.nl/oe-uitlaat-einddemper-mini-one-14-16.html","https://cdn.webshopapp.com/shops/69473/files/65419996/262x276x2/edex-uitlaat-einddemper-mini-one-14-16.jpg","Klik hier voor de goedkoopste Mini One, 1.4 en 1.6 Einddemper. Laagste prijs van Nederland en maar liefst 3 jaar garantie, geen imitatie."
"https://www.uitlaataanbiedingen.nl/uitlaatset/uitlaatset-mini/","uitlaatset-mini","Topautoparts","Complete uitlaat + katalysator Mini Cooper S R53","Topautoparts Complete uitlaat + katalysator Mini Cooper S R53","€449,00","€950,00","https://www.uitlaataanbiedingen.nl/oe-nieuw-uitlaatsysteem-mini-cooper-s-r53.html","https://cdn.webshopapp.com/shops/69473/files/123947816/262x276x2/topautoparts-complete-uitlaat-katalysator-mini-coo.jpg","Nieuw uitlaatsysteem Mini Cooper S R53 en R52. Altijd hoogwaardige kwaliteits onderdelen. Profiteer nu van de beste prijzen en altijd 1 jaar garantie op al onze onderdelen. 0541-700 233."
"https://www.uitlaataanbiedingen.nl/uitlaatset/uitlaatset-mini/","uitlaatset-mini","Topautoparts","Complete uitlaatset + katalysator Mini One 1.4, 1.6","Topautoparts Complete uitlaatset + katalysator Mini One 1.4, 1.6","€289,00","€400,00","https://www.uitlaataanbiedingen.nl/oe-compleet-uitlaatsysteem-mini-one-14-16.html","https://cdn.webshopapp.com/shops/69473/files/65836594/262x276x2/topautoparts-complete-uitlaatset-katalysator-mini.jpg","Complete uitlaatset + katalysator Mini One 1.4, 1.6. Bij TOPautoparts altijd 1 jaar garantie op al onze onderdelen. Profiteer van scherpe prijzen en een goede service. Neem gerust contact op: 0541-700 233."
"https://www.uitlaataanbiedingen.nl/uitlaatset/uitlaatset-mini/","uitlaatset-mini","Edex","Complete uitlaat Einddemper + Middendemper Mini One vanaf 2006","Edex Complete uitlaat Einddemper + Middendemper Mini One vanaf 2006","€194,95","€350,00","https://www.uitlaataanbiedingen.nl/uitlaatset-einddemper-middendemper-mini-one-vanaf.html","https://cdn.webshopapp.com/shops/69473/files/473803486/262x276x2/edex-complete-uitlaat-einddemper-middendemper-mini.jpg","Uitlaatset Einddemper + Middendemper Mini One vanaf 2006"
"https://www.uitlaataanbiedingen.nl/uitlaatset/uitlaatset-mini/","uitlaatset-mini","Edex","Complete uitlaat Einddemper + Middendemper Mini R56, Open R57","Edex Complete uitlaat Einddemper + Middendemper Mini R56, Open R57","€224,95","€299,00","https://www.uitlaataanbiedingen.nl/uitlaatset-einddemper-middendemper-mini-r56-open-r.html","https://cdn.webshopapp.com/shops/69473/files/443662834/262x276x2/edex-complete-uitlaat-einddemper-middendemper-mini.jpg","Uitlaatset, Einddemper + Middendemper Mini R56, Open R57"
"https://www.uitlaataanbiedingen.nl/uitlaatset/uitlaatset-mitsubishi/","uitlaatset-mitsubishi","Edex","Uitlaatset, Einddemper + Tussendemper Mitsubishi Outlander","Edex Uitlaatset, Einddemper + Tussendemper Mitsubishi Outlander","€169,95","","https://www.uitlaataanbiedingen.nl/mit328mit331.html","https://cdn.webshopapp.com/shops/69473/files/468710252/262x276x2/edex-uitlaatset-einddemper-tussendemper-mitsubishi.jpg","Uitlaatset, Einddemper + Tussendemper Mitsubishi Outlander"
"https://www.uitlaataanbiedingen.nl/uitlaatset/uitlaatset-mitsubishi/","uitlaatset-mitsubishi","Edex","Uitlaatset Mitsubishi Outlander II 2.4","Edex Uitlaatset Mitsubishi Outlander II 2.4","€239,95","","https://www.uitlaataanbiedingen.nl/uitlaatset-mitsubishi-outlander-ii-24.html","https://cdn.webshopapp.com/shops/69473/files/477137285/262x276x2/edex-uitlaatset-mitsubishi-outlander-ii-24.jpg","Uitlaatset Mitsubishi Outlander II 2.4"
"https://www.uitlaataanbiedingen.nl/uitlaatset/uitlaatset-mitsubishi/","uitlaatset-mitsubishi","Edex","Complete uitlaat Einddemper + Middendemper Mitsubishi Colt, Smart Forfour","Edex Complete uitlaat Einddemper + Middendemper Mitsubishi Colt, Smart Forfour","€114,95","€200,00","https://www.uitlaataanbiedingen.nl/uitlaatset-einddemper-middendemper-mitsubishi-colt.html","https://cdn.webshopapp.com/shops/69473/files/421313381/262x276x2/edex-complete-uitlaat-einddemper-middendemper-mits.jpg","Uitlaatset, Einddemper + Middendemper Mitsubishi Colt, Smart Forfour"
"https://www.uitlaataanbiedingen.nl/uitlaatset/uitlaatset-mitsubishi/","uitlaatset-mitsubishi","Edex","Complete uitlaat Einddemper + Middendemper Mitsubishi Carisma","Edex Complete uitlaat Einddemper + Middendemper Mitsubishi Carisma","€99,95","€180,00","https://www.uitlaataanbiedingen.nl/oe-uitlaat-einddemper-middendemper-mitsubishi-cari.html","https://cdn.webshopapp.com/shops/69473/files/39030364/262x276x2/edex-complete-uitlaat-einddemper-middendemper-mits.jpg","Klik hier voor de Mitsubishi Carisma 1.6, 1.8, 1.9 TD vanaf &#039;95 Tussendemper + Achterdemper. Laagste prijs en 3 jaar garantie."
"https://www.uitlaataanbiedingen.nl/uitlaatset/uitlaatset-mitsubishi/","uitlaatset-mitsubishi","Edex","Uitlaatset, Einddemper + Tussendemper Mitsubishi ASX","Edex Uitlaatset, Einddemper + Tussendemper Mitsubishi ASX","€194,95","","https://www.uitlaataanbiedingen.nl/mit323mit324.html","https://cdn.webshopapp.com/shops/69473/files/468710227/262x276x2/edex-uitlaatset-einddemper-tussendemper-mitsubishi.jpg","Uitlaatset, Einddemper + Tussendemper Mitsubishi ASX"
"https://www.uitlaataanbiedingen.nl/uitlaatset/uitlaatset-nissan/","uitlaatset-nissan","Polmo","Complete uitlaat Einddemper + Middendemper Nissan Almera","Polmo Complete uitlaat Einddemper + Middendemper Nissan Almera","€109,95","€250,00","https://www.uitlaataanbiedingen.nl/oe-uitlaatset-einddemper-middendemper-nissan-almer.html","https://cdn.webshopapp.com/shops/69473/files/39245966/262x276x2/polmo-complete-uitlaat-einddemper-middendemper-nis.jpg","De goedkoopste Nissan Almera 1.5, 1.8 Middendemper + Achterdemper van Nederland. Bovendien hoge kwaliteit en 3 jaar garantie."
"https://www.uitlaataanbiedingen.nl/uitlaatset/uitlaatset-nissan/","uitlaatset-nissan","Edex","Complete uitlaat Einddemper + Middendemper Nissan Qashqai","Edex Complete uitlaat Einddemper + Middendemper Nissan Qashqai","€149,95","€219,00","https://www.uitlaataanbiedingen.nl/uitlaatset-einddemper-middendemper-nissan-qashqai.html","https://cdn.webshopapp.com/shops/69473/files/421972957/262x276x2/edex-complete-uitlaat-einddemper-middendemper-niss.jpg","Uitlaatset, Einddemper + Middendemper Nissan Qashqai"
"https://www.uitlaataanbiedingen.nl/uitlaatset/uitlaatset-nissan/","uitlaatset-nissan","Polmo","Uitlaatset, Middendemper + Einddemper Nissan Juke 1.6","Polmo Uitlaatset, Middendemper + Einddemper Nissan Juke 1.6","€119,95","","https://www.uitlaataanbiedingen.nl/uitlaatset-middendemper-einddemper-nissan-juke-16.html","https://cdn.webshopapp.com/shops/69473/files/472391046/262x276x2/polmo-uitlaatset-middendemper-einddemper-nissan-ju.jpg","Uitlaatset, Middendemper + Einddemper Nissan Juke 1.6"
"https://www.uitlaataanbiedingen.nl/uitlaatset/uitlaatset-nissan/","uitlaatset-nissan","Edex","Complete uitlaat Einddemper + Middendemper Nissan Qashqai 1.6","Edex Complete uitlaat Einddemper + Middendemper Nissan Qashqai 1.6","€149,95","€219,00","https://www.uitlaataanbiedingen.nl/uitlaatset-einddemper-middendemper-nissa-140937015.html","https://cdn.webshopapp.com/shops/69473/files/421973341/262x276x2/edex-complete-uitlaat-einddemper-middendemper-niss.jpg","Uitlaatset, Einddemper + Middendemper Nissan Qashqai 1.6"
"https://www.uitlaataanbiedingen.nl/uitlaatset/uitlaatset-nissan/","uitlaatset-nissan","Edex","Complete uitlaat Einddemper + Middendemper Nissan Qashqai","Edex Complete uitlaat Einddemper + Middendemper Nissan Qashqai","€149,95","€229,00","https://www.uitlaataanbiedingen.nl/uitlaatset-einddemper-middendemper-nissa-140936836.html","https://cdn.webshopapp.com/shops/69473/files/421973127/262x276x2/edex-complete-uitlaat-einddemper-middendemper-niss.jpg","Uitlaatset, Einddemper + Middendemper Nissan Qashqai"
"https://www.uitlaataanbiedingen.nl/uitlaatset/uitlaatset-nissan/","uitlaatset-nissan","Edex","Uitlaatset, Einddemper + Tussendemper Nissan Note 1.2","Edex Uitlaatset, Einddemper + Tussendemper Nissan Note 1.2","€144,95","€199,95","https://www.uitlaataanbiedingen.nl/uitlaatset-einddemper-tussendemper-nissan-note-12.html","https://cdn.webshopapp.com/shops/69473/files/490905500/262x276x2/edex-uitlaatset-einddemper-tussendemper-nissan-not.jpg","Uitlaatset, Einddemper + Tussendemper Nissan Note 1.2"
"https://www.uitlaataanbiedingen.nl/uitlaatset/uitlaatset-nissan/","uitlaatset-nissan","Edex","Complete uitlaat middendemper + einddemper Nissan X-Trail","Edex Complete uitlaat middendemper + einddemper Nissan X-Trail","€189,95","€259,99","https://www.uitlaataanbiedingen.nl/oe-uitlaat-middendemper-einddemper-nissan-x-trail.html","https://cdn.webshopapp.com/shops/69473/files/88887548/262x276x2/edex-complete-uitlaat-middendemper-einddemper-niss.jpg","Voordelige uitlaatset voor de Nissan X-Trail. Midden + einddemper."
"https://www.uitlaataanbiedingen.nl/uitlaatset/uitlaatset-nissan/","uitlaatset-nissan","Edex","Complete uitlaat middendemper + einddemper + voorpijp Nissan X-Trail","Edex Complete uitlaat middendemper + einddemper + voorpijp Nissan X-Trail","€234,95","€299,95","https://www.uitlaataanbiedingen.nl/complete-uitlaat-middendemper-einddemper-nissan-x.html","https://cdn.webshopapp.com/shops/69473/files/490911976/262x276x2/edex-complete-uitlaat-middendemper-einddemper-voor.jpg","Complete uitlaat middendemper + einddemper + voorpijp Nissan X-Trail"
"https://www.uitlaataanbiedingen.nl/uitlaatset/uitlaatset-opel/","uitlaatset-opel","Edex","Uitlaatset, Einddemper + Tussenpijp Opel Corsa D 1.2","Edex Uitlaatset, Einddemper + Tussenpijp Opel Corsa D 1.2","€114,95","","https://www.uitlaataanbiedingen.nl/uitlaatset-opel-corsa-d-12.html","https://cdn.webshopapp.com/shops/69473/files/469094209/262x276x2/edex-uitlaatset-einddemper-tussenpijp-opel-corsa-d.jpg","Uitlaatset, Einddemper + Tussenpijp Opel Corsa D 1.2"
"https://www.uitlaataanbiedingen.nl/uitlaatset/uitlaatset-opel/","uitlaatset-opel","Edex","Complete uitlaat Einddemper + Middendemper + Voorpijp Opel Meriva","Edex Complete uitlaat Einddemper + Middendemper + Voorpijp Opel Meriva","€129,95","€250,00","https://www.uitlaataanbiedingen.nl/oe-uitlaatset-einddemper-middendemper-voorpijp-ope.html","https://cdn.webshopapp.com/shops/69473/files/39233790/262x276x2/edex-complete-uitlaat-einddemper-middendemper-voor.jpg","Goedkope uitlaat voor de Opel Meriva. Profiteer van deze aanbieding, het betreft een middendemper en einddemper."
"https://www.uitlaataanbiedingen.nl/uitlaatset/uitlaatset-opel/","uitlaatset-opel","Edex","Complete Uitlaat, Voorpijp + Middendemper + Einddemper Opel Zafira B","Edex Complete Uitlaat, Voorpijp + Middendemper + Einddemper Opel Zafira B","€189,95","","https://www.uitlaataanbiedingen.nl/complete-uitlaat-voorpijp-middendemper-einddemper.html","https://cdn.webshopapp.com/shops/69473/files/477277696/262x276x2/edex-complete-uitlaat-voorpijp-middendemper-eindde.jpg","Complete Uitlaat, Voorpijp + Middendemper + Einddemper Opel Zafira B"
"https://www.uitlaataanbiedingen.nl/uitlaatset/uitlaatset-opel/","uitlaatset-opel","Edex","Uitlaatset, Einddemper + Tussendemper + Voorpijp Opel Astra H","Edex Uitlaatset, Einddemper + Tussendemper + Voorpijp Opel Astra H","€154,95","","https://www.uitlaataanbiedingen.nl/uitlaatset-einddemper-tussendemper-voorpijp-opel-a.html","https://cdn.webshopapp.com/shops/69473/files/477282932/262x276x2/edex-uitlaatset-einddemper-tussendemper-voorpijp-o.jpg","Uitlaatset, Einddemper + Tussendemper + Voorpijp Opel Astra H"
"https://www.uitlaataanbiedingen.nl/uitlaatset/uitlaatset-opel/","uitlaatset-opel","Edex","Complete uitlaat Einddemper + Middendemper Opel Astra H","Edex Complete uitlaat Einddemper + Middendemper Opel Astra H","€129,95","€209,95","https://www.uitlaataanbiedingen.nl/uitlaatset-einddemper-middendemper-opel-astra-h.html","https://cdn.webshopapp.com/shops/69473/files/420313074/262x276x2/edex-complete-uitlaat-einddemper-middendemper-opel.jpg","Uitlaatset, Einddemper + Middendemper Opel Astra H"
"https://www.uitlaataanbiedingen.nl/uitlaatset/uitlaatset-opel/","uitlaatset-opel","Edex","Complete uitlaat Einddemper + Middendemper + Voorpijp Opel Astra G 1.4, 1.6","Edex Complete uitlaat Einddemper + Middendemper + Voorpijp Opel Astra G 1.4, 1.6","€174,95","€300,00","https://www.uitlaataanbiedingen.nl/oe-uitlaatset-einddemper-middendemper-voo-12820699.html","https://cdn.webshopapp.com/shops/69473/files/39232602/262x276x2/edex-complete-uitlaat-einddemper-middendemper-voor.jpg","De Opel Astra G 1.4 / 1.6 Achterdemper + Middendemper + Voorpijp is van een hoge kwaliteit. Bovendien de laagste prijs van Nederland."
"https://www.uitlaataanbiedingen.nl/uitlaatset/uitlaatset-opel/","uitlaatset-opel","Edex","Complete uitlaat Einddemper + Middendemper Opel Astra H (GTC)","Edex Complete uitlaat Einddemper + Middendemper Opel Astra H (GTC)","€109,95","€199,00","https://www.uitlaataanbiedingen.nl/uitlaatset-einddemper-middendemper-opel-astra-h-gt.html","https://cdn.webshopapp.com/shops/69473/files/420312902/262x276x2/edex-complete-uitlaat-einddemper-middendemper-opel.jpg","Uitlaatset, Einddemper + Middendemper Opel Astra H (GTC)"
"https://www.uitlaataanbiedingen.nl/uitlaatset/uitlaatset-opel/","uitlaatset-opel","Edex","Complete uitlaat Einddemper + Middendemper Opel Corsa B","Edex Complete uitlaat Einddemper + Middendemper Opel Corsa B","€84,95","€180,00","https://www.uitlaataanbiedingen.nl/oe-uitlaat-einddemper-middendemper-opel-corsa-b.html","https://cdn.webshopapp.com/shops/69473/files/39231766/262x276x2/edex-complete-uitlaat-einddemper-middendemper-opel.jpg","Bekijk hier de Opel Corsa B 1.2, 1.4, 1.5, 1.7 Tussendemper + Achterdemper. Laagste prijs van Nederland en 3 jaar garantie."
"https://www.uitlaataanbiedingen.nl/uitlaatset/uitlaatset-opel/","uitlaatset-opel","Edex","Complete uitlaat Einddemper + Middendemper + Voorpijp Opel Zafira","Edex Complete uitlaat Einddemper + Middendemper + Voorpijp Opel Zafira","€174,95","€300,00","https://www.uitlaataanbiedingen.nl/uitlaatset-einddemper-middendemper-voorpijp-opel-z.html","https://cdn.webshopapp.com/shops/69473/files/421318451/262x276x2/edex-complete-uitlaat-einddemper-middendemper-voor.jpg","Uitlaatset, Einddemper + Middendemper + Voorpijp Opel Zafira"
"https://www.uitlaataanbiedingen.nl/uitlaatset/uitlaatset-opel/","uitlaatset-opel","Edex","Complete Uitlaat Einddemper + Middendemper + Voorpijp Opel Corsa C","Edex Complete Uitlaat Einddemper + Middendemper + Voorpijp Opel Corsa C","€129,95","€250,00","https://www.uitlaataanbiedingen.nl/uitlaatset-einddemper-middendemper-voorp-144379351.html","https://cdn.webshopapp.com/shops/69473/files/431926229/262x276x2/edex-complete-uitlaat-einddemper-middendemper-voor.jpg","Uitlaatset, Einddemper + Middendemper + Voorpijp Opel Corsa C"
"https://www.uitlaataanbiedingen.nl/uitlaatset/uitlaatset-opel/","uitlaatset-opel","Edex","Complete uitlaat Einddemper + Middendemper Opel Astra H","Edex Complete uitlaat Einddemper + Middendemper Opel Astra H","€129,95","","https://www.uitlaataanbiedingen.nl/uitlaatset-einddemper-middendemper-opel-149235098.html","https://cdn.webshopapp.com/shops/69473/files/454445845/262x276x2/edex-complete-uitlaat-einddemper-middendemper-opel.jpg","Uitlaatset, Einddemper + Middendemper Opel Astra H"
"https://www.uitlaataanbiedingen.nl/uitlaatset/uitlaatset-opel/","uitlaatset-opel","Edex","Complete uitlaat Einddemper + Middendemper Opel Zafira","Edex Complete uitlaat Einddemper + Middendemper Opel Zafira","€129,95","€250,00","https://www.uitlaataanbiedingen.nl/oe-uitlaatset-einddemper-middendemper-opel-zafira.html","https://cdn.webshopapp.com/shops/69473/files/421318591/262x276x2/edex-complete-uitlaat-einddemper-middendemper-opel.jpg","Goedkoop uitlaatsetje voor een Opel Zafira met een 1.6 motor. Geschikt voor de Opel Zafira van 1999 tot 2003. 3 jaar garantie."
"https://www.uitlaataanbiedingen.nl/uitlaatset/uitlaatset-opel/","uitlaatset-opel","Edex","Complete uitlaat Einddemper + Tussendemper + Voorpijp Opel Corsa C","Edex Complete uitlaat Einddemper + Tussendemper + Voorpijp Opel Corsa C","€129,95","€220,00","https://www.uitlaataanbiedingen.nl/oe-uitlaatset-einddemper-tussendemper-voorpijp-ope.html","https://cdn.webshopapp.com/shops/69473/files/39233212/262x276x2/edex-complete-uitlaat-einddemper-tussendemper-voor.jpg","Complete uitlaat Opel corsa C 1.4. Van voor tot achter, inclusief 3 jaar garantie en montagematerialen!"
"https://www.uitlaataanbiedingen.nl/uitlaatset/uitlaatset-opel/","uitlaatset-opel","Edex","Uitlaatset, Einddemper + Tussendemper Opel Agila / Suzuki Splash","Edex Uitlaatset, Einddemper + Tussendemper Opel Agila / Suzuki Splash","€109,95","","https://www.uitlaataanbiedingen.nl/uitlaatset-einddemper-tussendemper-opel-agila-suzu.html","https://cdn.webshopapp.com/shops/69473/files/477285103/262x276x2/edex-uitlaatset-einddemper-tussendemper-opel-agila.jpg","Uitlaatset, Einddemper + Tussendemper Opel Agila / Suzuki Splash"
"https://www.uitlaataanbiedingen.nl/uitlaatset/uitlaatset-opel/","uitlaatset-opel","Topautoparts","Complete uitlaat + katalysator Opel Zafira","Topautoparts Complete uitlaat + katalysator Opel Zafira","€289,00","€400,00","https://www.uitlaataanbiedingen.nl/oe-complete-uitlaat-met-katalysator-opel-zafira.html","https://cdn.webshopapp.com/shops/69473/files/65930752/262x276x2/topautoparts-complete-uitlaat-katalysator-opel-zaf.jpg","Nieuw uitlaatsysteem Opel Zafira"
"https://www.uitlaataanbiedingen.nl/uitlaatset/uitlaatset-opel/","uitlaatset-opel","Edex","Complete uitlaat Einddemper + Middendemper Opel Meriva","Edex Complete uitlaat Einddemper + Middendemper Opel Meriva","€87,95","€200,00","https://www.uitlaataanbiedingen.nl/oe-uitlaatset-einddemper-middendemper-opel-meriva.html","https://cdn.webshopapp.com/shops/69473/files/39233940/262x276x2/edex-complete-uitlaat-einddemper-middendemper-opel.jpg","Klik hier voor de Opel Meriva 1.4, 1.6 Middendemper + Achterdemper. Laagste prijs van Nederland en maar liefst 3 jaar garantie."
"https://www.uitlaataanbiedingen.nl/uitlaatset/uitlaatset-opel/","uitlaatset-opel","Edex","Complete uitlaat Einddemper + Middendemper + Voorpijp Opel Corsa C","Edex Complete uitlaat Einddemper + Middendemper + Voorpijp Opel Corsa C","€129,95","€250,00","https://www.uitlaataanbiedingen.nl/uitlaatset-einddemper-middendemper-voorpijp-opel-c.html","https://cdn.webshopapp.com/shops/69473/files/421904086/262x276x2/edex-complete-uitlaat-einddemper-middendemper-voor.jpg","Uitlaatset, Einddemper + Middendemper + Voorpijp Opel Corsa C"
"https://www.uitlaataanbiedingen.nl/uitlaatset/uitlaatset-opel/","uitlaatset-opel","Topautoparts","Complete uitlaat + katalysator Opel Astra G 1.4 - 1.6","Topautoparts Complete uitlaat + katalysator Opel Astra G 1.4 - 1.6","€289,00","€400,00","https://www.uitlaataanbiedingen.nl/oe-complete-uitlaat-met-katalysator-opel-astra-g-1.html","https://cdn.webshopapp.com/shops/69473/files/65933980/262x276x2/topautoparts-complete-uitlaat-katalysator-opel-ast.jpg","Nieuw uitlaatsysteem Opel"
"https://www.uitlaataanbiedingen.nl/uitlaatset/uitlaatset-opel/","uitlaatset-opel","Edex","Uitlaatset, Tussendemper + Einddemper Opel Zafira B","Edex Uitlaatset, Tussendemper + Einddemper Opel Zafira B","€124,95","","https://www.uitlaataanbiedingen.nl/uitlaatset-opel-zafira-b.html","https://cdn.webshopapp.com/shops/69473/files/477277250/262x276x2/edex-uitlaatset-tussendemper-einddemper-opel-zafir.jpg","Uitlaatset, Tussendemper + Einddemper Opel Zafira B"
"https://www.uitlaataanbiedingen.nl/uitlaatset/uitlaatset-opel/","uitlaatset-opel","Topautoparts","Complete uitlaat + katalysator Opel Corsa B","Topautoparts Complete uitlaat + katalysator Opel Corsa B","€164,95","€300,00","https://www.uitlaataanbiedingen.nl/oe-complete-uitlaat-katalysator-opel-corsa-b.html","https://cdn.webshopapp.com/shops/69473/files/65951496/262x276x2/topautoparts-complete-uitlaat-katalysator-opel-cor.jpg","Nieuw uitlaatsysteem Opel Corsa"
"https://www.uitlaataanbiedingen.nl/uitlaatset/uitlaatset-opel/","uitlaatset-opel","Edex","Complete uitlaat, Voorpijp + Tussendemper + Einddemper Opel Astra G","Edex Complete uitlaat, Voorpijp + Tussendemper + Einddemper Opel Astra G","€169,95","","https://www.uitlaataanbiedingen.nl/complete-uitlaat-voorpijp-tussendemper-e-158031751.html","https://cdn.webshopapp.com/shops/69473/files/477290924/262x276x2/edex-complete-uitlaat-voorpijp-tussendemper-eindde.jpg","Complete uitlaat, Voorpijp + Tussendemper + Einddemper Opel Astra G"
"https://www.uitlaataanbiedingen.nl/uitlaatset/uitlaatset-opel/","uitlaatset-opel","Edex","Complete uitlaat Einddemper + Middendemper Opel Astra G","Edex Complete uitlaat Einddemper + Middendemper Opel Astra G","€129,95","€250,00","https://www.uitlaataanbiedingen.nl/oe-uitlaatset-einddemper-middendemper-opel-astra-g.html","https://cdn.webshopapp.com/shops/69473/files/167609282/262x276x2/edex-complete-uitlaat-einddemper-middendemper-opel.jpg","Midden en einddemper Opel Astra G."
"https://www.uitlaataanbiedingen.nl/uitlaatset/uitlaatset-opel/","uitlaatset-opel","Edex","Uitlaatset, Tussendemper + Einddemper Opel Astra G","Edex Uitlaatset, Tussendemper + Einddemper Opel Astra G","€119,95","","https://www.uitlaataanbiedingen.nl/uitlaatset-tussendemper-einddemper-opel-astra-g.html","https://cdn.webshopapp.com/shops/69473/files/477291340/262x276x2/edex-uitlaatset-tussendemper-einddemper-opel-astra.jpg","Uitlaatset, Tussendemper + Einddemper Opel Astra G"
"https://www.uitlaataanbiedingen.nl/uitlaatset/uitlaatset-opel/","uitlaatset-opel","Edex","Complete uitlaat, Voorpijp + Tussendemper + Einddemper Opel Zafira A","Edex Complete uitlaat, Voorpijp + Tussendemper + Einddemper Opel Zafira A","€164,95","","https://www.uitlaataanbiedingen.nl/complete-uitlaat-voorpijp-tussendemper-einddemper.html","https://cdn.webshopapp.com/shops/69473/files/477289482/262x276x2/edex-complete-uitlaat-voorpijp-tussendemper-eindde.jpg","Complete uitlaat, Voorpijp + Tussendemper + Einddemper Opel Zafira A"
"https://www.uitlaataanbiedingen.nl/uitlaatset/uitlaatset-peugeot/","uitlaatset-peugeot","Edex","Complete uitlaat Einddemper + Middenpijp + Voorpijp Peugeot 206","Edex Complete uitlaat Einddemper + Middenpijp + Voorpijp Peugeot 206","€94,95","€180,00","https://www.uitlaataanbiedingen.nl/oe-uitlaatset-einddemper-middenpijp-voorpijp-peuge.html","https://cdn.webshopapp.com/shops/69473/files/421059461/262x276x2/edex-complete-uitlaat-einddemper-middenpijp-voorpi.jpg","Goedkope 3 delige uitlaatset voor de Peugeot 206. Einddemper, Middenpijp en een voorpijp."
"https://www.uitlaataanbiedingen.nl/uitlaatset/uitlaatset-peugeot/","uitlaatset-peugeot","Topautoparts","Complete uitlaat + Katalysator Peugeot 206 1.6 16_V","Topautoparts Complete uitlaat + Katalysator Peugeot 206 1.6 16_V","€189,95","€350,00","https://www.uitlaataanbiedingen.nl/oe-complete-uitlaat-met-katalysator-peugeot-206-16.html","https://cdn.webshopapp.com/shops/69473/files/65841222/262x276x2/topautoparts-complete-uitlaat-katalysator-peugeot.jpg","Complete uitlaat + Katalysator Peugeot 206 1.6 16_V"
"https://www.uitlaataanbiedingen.nl/uitlaatset/uitlaatset-peugeot/","uitlaatset-peugeot","Edex","Complete uitlaat Einddemper + Middendemper Peugeot 207 1.4, 1.6","Edex Complete uitlaat Einddemper + Middendemper Peugeot 207 1.4, 1.6","€139,95","€250,00","https://www.uitlaataanbiedingen.nl/uitlaatset-einddemper-middendemper-peugeot-207-14.html","https://cdn.webshopapp.com/shops/69473/files/420313796/262x276x2/edex-complete-uitlaat-einddemper-middendemper-peug.jpg","Uitlaatset, Einddemper + Middendemper Peugeot 207 1.4, 1.6"
"https://www.uitlaataanbiedingen.nl/uitlaatset/uitlaatset-peugeot/","uitlaatset-peugeot","Edex","Complete uitlaat Einddemper + Middendemper + Voorpijp Peugeot 206","Edex Complete uitlaat Einddemper + Middendemper + Voorpijp Peugeot 206","€104,95","€215,00","https://www.uitlaataanbiedingen.nl/oe-uitlaatset-einddemper-middendemper-voorpijp-peu.html","https://cdn.webshopapp.com/shops/69473/files/61518844/262x276x2/edex-complete-uitlaat-einddemper-middendemper-voor.jpg","Uitlaatset Peugeot"
"https://www.uitlaataanbiedingen.nl/uitlaatset/uitlaatset-peugeot/","uitlaatset-peugeot","Polmo","Uitlaat set, Tussendemper + Einddemper Peugeot 206","Polmo Uitlaat set, Tussendemper + Einddemper Peugeot 206","€129,95","","https://www.uitlaataanbiedingen.nl/uitlaat-set-peugeot-206.html","https://cdn.webshopapp.com/shops/69473/files/477347804/262x276x2/polmo-uitlaat-set-tussendemper-einddemper-peugeot.jpg","Uitlaat set, Tussendemper + Einddemper Peugeot 206"
"https://www.uitlaataanbiedingen.nl/uitlaatset/uitlaatset-peugeot/","uitlaatset-peugeot","Edex","Complete uitlaat Einddemper + Middendemper Peugeot 207, 208 / Citroën C3","Edex Complete uitlaat Einddemper + Middendemper Peugeot 207, 208 / Citroën C3","€144,95","€250,00","https://www.uitlaataanbiedingen.nl/uitlaatset-einddemper-middendemper-peuge-140467512.html","https://cdn.webshopapp.com/shops/69473/files/420313969/262x276x2/edex-complete-uitlaat-einddemper-middendemper-peug.jpg","Uitlaatset, Einddemper + Middendemper Peugeot 207 1.4, 1.6"
"https://www.uitlaataanbiedingen.nl/uitlaatset/uitlaatset-peugeot/","uitlaatset-peugeot","Edex","Complete uitlaat Einddemper + Middendemper Peugeot 307","Edex Complete uitlaat Einddemper + Middendemper Peugeot 307","€109,95","€250,00","https://www.uitlaataanbiedingen.nl/oe-uitlaatset-einddemper-middendemper-peugeot-307.html","https://cdn.webshopapp.com/shops/69473/files/380699726/262x276x2/edex-complete-uitlaat-einddemper-middendemper-peug.jpg","Nieuwe uitlaat voor de Peugeot 307. Uitlaten met het verplichte E-keurmerk en 3 jaar garantie."
"https://www.uitlaataanbiedingen.nl/uitlaatset/uitlaatset-peugeot/","uitlaatset-peugeot","Topautoparts","Complete uitlaat + katalysator Peugeot 206 1.4","Topautoparts Complete uitlaat + katalysator Peugeot 206 1.4","€199,00","€325,00","https://www.uitlaataanbiedingen.nl/oe-complete-uitlaat-katalysator-peugeot-206-14.html","https://cdn.webshopapp.com/shops/69473/files/163857386/262x276x2/topautoparts-complete-uitlaat-katalysator-peugeot.jpg","Nieuw uitlaatsysteem Peugeot 206 1.4"
"https://www.uitlaataanbiedingen.nl/uitlaatset/uitlaatset-peugeot/","uitlaatset-peugeot","Edex","Complete uitlaat Einddemper + Middendemper 307 2.0","Edex Complete uitlaat Einddemper + Middendemper 307 2.0","€104,95","€250,00","https://www.uitlaataanbiedingen.nl/oe-uitlaatset-einddemper-middendemper-307-20.html","https://cdn.webshopapp.com/shops/69473/files/420788947/262x276x2/edex-complete-uitlaat-einddemper-middendemper-307.jpg","De goedkoopste Peugeot 307 2.0 Tussendemper + Achterdemper is van een hoge kwaliteit. Zo geven wij 3 jaar garantie."
"https://www.uitlaataanbiedingen.nl/uitlaatset/uitlaatset-peugeot/","uitlaatset-peugeot","Edex","Complete uitlaat Einddemper + Middendemper Peugeot 206 2.0 GTI","Edex Complete uitlaat Einddemper + Middendemper Peugeot 206 2.0 GTI","€109,95","€250,00","https://www.uitlaataanbiedingen.nl/oe-uitlaatset-einddemper-middendemper-peu-12864335.html","https://cdn.webshopapp.com/shops/69473/files/61612470/262x276x2/edex-complete-uitlaat-einddemper-middendemper-peug.jpg","Laagste prijs garantie voor de 206 2.0 GTI uitvoering! Kijk snel of deze uitlaat met 3 jaar garantie voor uw auto geschikt is!"
"https://www.uitlaataanbiedingen.nl/uitlaatset/uitlaatset-peugeot/","uitlaatset-peugeot","Polmo","Uitlaatset, Einddemper + Tussendemper Peugeot 307","Polmo Uitlaatset, Einddemper + Tussendemper Peugeot 307","€119,95","","https://www.uitlaataanbiedingen.nl/uitlaatset-einddemper-tussendemper-peugeot-307.html","https://cdn.webshopapp.com/shops/69473/files/477830066/262x276x2/polmo-uitlaatset-einddemper-tussendemper-peugeot-3.jpg","Uitlaatset, Einddemper + Tussendemper Peugeot 307"
"https://www.uitlaataanbiedingen.nl/uitlaatset/uitlaatset-peugeot/","uitlaatset-peugeot","Topautoparts","Complete uitlaat + katalysator Peugeot 307 1.6","Topautoparts Complete uitlaat + katalysator Peugeot 307 1.6","€194,95","€299,00","https://www.uitlaataanbiedingen.nl/complete-uitlaatset-met-katalysator-peugeot-307-16.html","https://cdn.webshopapp.com/shops/69473/files/421321590/262x276x2/topautoparts-complete-uitlaat-katalysator-peugeot.jpg","Complete uitlaatset met katalysator Peugeot 307 1.6"
"https://www.uitlaataanbiedingen.nl/uitlaatset/uitlaatset-peugeot/","uitlaatset-peugeot","Edex","Complete uitlaat Einddemper + Middendemper Peugeot 206 1.6","Edex Complete uitlaat Einddemper + Middendemper Peugeot 206 1.6","€94,95","€180,00","https://www.uitlaataanbiedingen.nl/oe-uitlaatset-einddemper-middendemper-peu-13836981.html","https://cdn.webshopapp.com/shops/69473/files/420887024/262x276x2/edex-complete-uitlaat-einddemper-middendemper-peug.jpg","Bekijk hier de Peugeot 206 1.6 Middendemper + Achterdemper Uitlaat. Laagste prijs garantie, E-keur en 3 jaar garantie."
"https://www.uitlaataanbiedingen.nl/uitlaatset/uitlaatset-peugeot/","uitlaatset-peugeot","Topautoparts","Complete uitlaat + katalysator Peugeot 206 1.1","Topautoparts Complete uitlaat + katalysator Peugeot 206 1.1","€174,95","€300,00","https://www.uitlaataanbiedingen.nl/oe-complete-uitlaat-met-katalysator-peugeot-206-11.html","https://cdn.webshopapp.com/shops/69473/files/65839542/262x276x2/topautoparts-complete-uitlaat-katalysator-peugeot.jpg","Complete uitlaat + katalysator Peugeot 206 1.1"
"https://www.uitlaataanbiedingen.nl/uitlaatset/uitlaatset-peugeot/","uitlaatset-peugeot","Edex","Complete uitlaat Einddemper + Middendemper Peugeot 206 station","Edex Complete uitlaat Einddemper + Middendemper Peugeot 206 station","€99,95","€160,00","https://www.uitlaataanbiedingen.nl/oe-uitlaatset-einddemper-middendemper-peugeot-206.html","https://cdn.webshopapp.com/shops/69473/files/461618068/262x276x2/edex-complete-uitlaat-einddemper-middendemper-peug.jpg","Een goedkoop uitlaatsetje voor een 206 stationwagon. Hoogste kwaliteit uitlaten met 3 jaar garantie. Onze uitlaten zijn vergelijkbaar met een BOSAL / WALKER."
"https://www.uitlaataanbiedingen.nl/uitlaatset/uitlaatset-peugeot/","uitlaatset-peugeot","Topautoparts","Complete uitlaat + katalysator Peugeot 307 1.4, 1.6","Topautoparts Complete uitlaat + katalysator Peugeot 307 1.4, 1.6","€194,95","€299,00","https://www.uitlaataanbiedingen.nl/complete-uitlaatset-met-katalysator-peugeot-307.html","https://cdn.webshopapp.com/shops/69473/files/421321560/262x276x2/topautoparts-complete-uitlaat-katalysator-peugeot.jpg","Complete Uitlaatset met katalysator Peugeot 307"
"https://www.uitlaataanbiedingen.nl/uitlaatset/uitlaatset-peugeot/","uitlaatset-peugeot","Edex","Complete uitlaat Einddemper + Middendemper Peugeot 306","Edex Complete uitlaat Einddemper + Middendemper Peugeot 306","€84,95","€150,00","https://www.uitlaataanbiedingen.nl/oe-uitlaatset-einddemper-middendemper-peugeot-306.html","https://cdn.webshopapp.com/shops/69473/files/39231372/262x276x2/edex-complete-uitlaat-einddemper-middendemper-peug.jpg","Nieuwe uitlaat voor de Peugeot 306. Inclusief 3 jaar garantie en een uitstekende pasvorm."
"https://www.uitlaataanbiedingen.nl/uitlaatset/uitlaatset-peugeot/","uitlaatset-peugeot","Topautoparts","Complete uitlaat + Katalysator Peugeot 106","Topautoparts Complete uitlaat + Katalysator Peugeot 106","€179,95","€300,00","https://www.uitlaataanbiedingen.nl/oe-uitlaatset-katalysator-peugeot-106.html","https://cdn.webshopapp.com/shops/69473/files/65842998/262x276x2/topautoparts-complete-uitlaat-katalysator-peugeot.jpg","Nieuw uitlaatsysteem Peugeot 106"
"https://www.uitlaataanbiedingen.nl/uitlaatset/uitlaatset-peugeot/","uitlaatset-peugeot","Polmo","Uitlaatset, Tussendemper + Einddemper Peugeot 307","Polmo Uitlaatset, Tussendemper + Einddemper Peugeot 307","€129,95","","https://www.uitlaataanbiedingen.nl/uitlaatset-tussendemper-einddemper-peugeot-307.html","https://cdn.webshopapp.com/shops/69473/files/477348704/262x276x2/polmo-uitlaatset-tussendemper-einddemper-peugeot-3.jpg","Uitlaatset, Tussendemper + Einddemper Peugeot 307"
"https://www.uitlaataanbiedingen.nl/uitlaatset/uitlaatset-peugeot/","uitlaatset-peugeot","Edex","Uitlaatset, Einddemper + Tussendemper Peugeot 207 1.4","Edex Uitlaatset, Einddemper + Tussendemper Peugeot 207 1.4","€94,00","€149,95","https://www.uitlaataanbiedingen.nl/uitlaatset-einddemper-tussendemper-peugeot-207-14.html","https://cdn.webshopapp.com/shops/69473/files/493423769/262x276x2/edex-uitlaatset-einddemper-tussendemper-peugeot-20.jpg","Uitlaatset, Einddemper + Tussendemper Peugeot 207 1.4"
"https://www.uitlaataanbiedingen.nl/uitlaatset/uitlaatset-renault/","uitlaatset-renault","Edex","Complete uitlaat Middendemper + Einddemper Renault Logan","Edex Complete uitlaat Middendemper + Einddemper Renault Logan","€99,00","€169,00","https://www.uitlaataanbiedingen.nl/uitlaatset-middendemper-einddemper-renault-logan.html","https://cdn.webshopapp.com/shops/69473/files/421755259/262x276x2/edex-complete-uitlaat-middendemper-einddemper-rena.jpg","Uitlaatset, Middendemper + Einddemper Renault Logan"
"https://www.uitlaataanbiedingen.nl/uitlaatset/uitlaatset-renault/","uitlaatset-renault","Edex","Complete uitlaat Middendemper + Einddemper Renault Clio II 1.2","Edex Complete uitlaat Middendemper + Einddemper Renault Clio II 1.2","€84,95","€150,00","https://www.uitlaataanbiedingen.nl/oe-uitlaatset-middendemper-einddemper-renault-clio.html","https://cdn.webshopapp.com/shops/69473/files/61549090/262x276x2/edex-complete-uitlaat-middendemper-einddemper-rena.jpg","Uitlaatset Renault"
"https://www.uitlaataanbiedingen.nl/uitlaatset/uitlaatset-renault/","uitlaatset-renault","Edex","Complete uitlaat Einddemper + Middendemper Renault Megane","Edex Complete uitlaat Einddemper + Middendemper Renault Megane","€89,95","€190,00","https://www.uitlaataanbiedingen.nl/oe-uitlaatset-einddemper-middendemper-renault-mega.html","https://cdn.webshopapp.com/shops/69473/files/39234792/262x276x2/edex-complete-uitlaat-einddemper-middendemper-rena.jpg","Klik hier voor de goedkoopste Renault Megane 1.4, 1.6 vanaf 1996 Tussendemper + Achterdemper. E-keurmerk, OEM pasvorm en 3 jaar garantie."
"https://www.uitlaataanbiedingen.nl/uitlaatset/uitlaatset-renault/","uitlaatset-renault","Edex","Complete uitlaat Middendemper + Einddemper Renault Megane, Scenic","Edex Complete uitlaat Middendemper + Einddemper Renault Megane, Scenic","€119,95","€200,00","https://www.uitlaataanbiedingen.nl/oe-uitlaatset-middendemper-einddemper-renault-mega.html","https://cdn.webshopapp.com/shops/69473/files/39234698/262x276x2/edex-complete-uitlaat-middendemper-einddemper-rena.jpg","Goedkope uitlaat voor de Renault Megane Scenic 1.4. 3 jaar garantie op deze uitlaatset. plus de laagste prijs garantie."
"https://www.uitlaataanbiedingen.nl/uitlaatset/uitlaatset-saab/","uitlaatset-saab","Edex","Complete uitlaat Einddemper + Middendemper Saab 9-3, 900","Edex Complete uitlaat Einddemper + Middendemper Saab 9-3, 900","€129,95","€200,00","https://www.uitlaataanbiedingen.nl/oe-uitlaatset-einddemper-middendemper-saab-9-3-900.html","https://cdn.webshopapp.com/shops/69473/files/39236482/262x276x2/edex-complete-uitlaat-einddemper-middendemper-saab.jpg","Originele Saab kwaliteits-uitlaten met 3 jaar garantie! En voor een super scherpe prijs."
"https://www.uitlaataanbiedingen.nl/uitlaatset/uitlaatset-saab/","uitlaatset-saab","Edex","Complete uitlaat Einddemper + Middendemper + Voorpijp Saab 9-3, 900","Edex Complete uitlaat Einddemper + Middendemper + Voorpijp Saab 9-3, 900","€179,95","€250,00","https://www.uitlaataanbiedingen.nl/oe-uitlaatset-einddemper-middendemper-voorpijp-saa.html","https://cdn.webshopapp.com/shops/69473/files/39237312/262x276x2/edex-complete-uitlaat-einddemper-middendemper-voor.jpg","Laagste prijs garantie voor dit Saab model. 3 jaar garantie en originele Zweedse uitlaten."
"https://www.uitlaataanbiedingen.nl/uitlaatset/uitlaatset-saab/","uitlaatset-saab","Edex","Complete uitlaat Middendemper + Einddemper Saab 9-5 2.0, 2.3","Edex Complete uitlaat Middendemper + Einddemper Saab 9-5 2.0, 2.3","€144,95","€270,00","https://www.uitlaataanbiedingen.nl/oe-uitlaatset-middendemper-einddemper-saab-9-5-20.html","https://cdn.webshopapp.com/shops/69473/files/39237570/262x276x2/edex-complete-uitlaat-middendemper-einddemper-saab.jpg","Originele Saab uitlaten voor een scherpe prijs! Deze uitlaten worden in dezelfde fabriek geproduceerd als uw originele uitlaten. Vandaar dat u 3 jaar garantie krijgt bij ons."
"https://www.uitlaataanbiedingen.nl/uitlaatset/uitlaatset-saab/","uitlaatset-saab","Edex","Uitlaatset, Einddemper + Tussendemper Saab 9-3","Edex Uitlaatset, Einddemper + Tussendemper Saab 9-3","€159,95","","https://www.uitlaataanbiedingen.nl/saa008-154833589.html","https://cdn.webshopapp.com/shops/69473/files/468710185/262x276x2/edex-uitlaatset-einddemper-tussendemper-saab-9-3.jpg","Uitlaatset, Einddemper + Tussendemper Saab 9-3"
"https://www.uitlaataanbiedingen.nl/uitlaatset/uitlaatset-saab/","uitlaatset-saab","Edex","Uitlaatset, Einddemper + Tussendemper Saab 9-3","Edex Uitlaatset, Einddemper + Tussendemper Saab 9-3","€164,95","","https://www.uitlaataanbiedingen.nl/saa007saa010.html","https://cdn.webshopapp.com/shops/69473/files/468710162/262x276x2/edex-uitlaatset-einddemper-tussendemper-saab-9-3.jpg","Uitlaatset, Einddemper + Tussendemper Saab 9-3"
"https://www.uitlaataanbiedingen.nl/uitlaatset/uitlaatset-seat/","uitlaatset-seat","Topautoparts","Complete uitlaat + katalysator Seat Arosa, Volkswagen Lupo","Topautoparts Complete uitlaat + katalysator Seat Arosa, Volkswagen Lupo","€189,95","€300,00","https://www.uitlaataanbiedingen.nl/oe-complete-uitlaat-met-katalysator-seat-arosa-vol.html","https://cdn.webshopapp.com/shops/69473/files/65931834/262x276x2/topautoparts-complete-uitlaat-katalysator-seat-aro.jpg","Nieuw uitlaatsysteem Seat Arosa / Volkswagen Lupo"
"https://www.uitlaataanbiedingen.nl/uitlaatset/uitlaatset-seat/","uitlaatset-seat","Edex","Uitlaatset, Einddemper + Tussendemper Seat MII, Skoda Citigo, Volkswagen UP","Edex Uitlaatset, Einddemper + Tussendemper Seat MII, Skoda Citigo, Volkswagen UP","€84,95","","https://www.uitlaataanbiedingen.nl/vag080vag081.html","https://cdn.webshopapp.com/shops/69473/files/468710273/262x276x2/edex-uitlaatset-einddemper-tussendemper-seat-mii-s.jpg","Uitlaatset, Einddemper + Tussendemper Seat MII, Skoda Citigo, Volkswagen UP"
"https://www.uitlaataanbiedingen.nl/uitlaatset/uitlaatset-seat/","uitlaatset-seat","Edex","Complete uitlaat Einddemper + Middendemper Seat Arosa / Volkswagen Lupo","Edex Complete uitlaat Einddemper + Middendemper Seat Arosa / Volkswagen Lupo","€84,95","€150,00","https://www.uitlaataanbiedingen.nl/oe-uitlaatset-einddemper-middendemper-seat-arosa-v.html","https://cdn.webshopapp.com/shops/69473/files/39240292/262x276x2/edex-complete-uitlaat-einddemper-middendemper-seat.jpg","Klik hier voor de goedkoopste Seat Arosa, Volkswagen Lupo 1.0, 1.4 Middendemper + Achterdemper Uitlaat. 3 jaar garantie en hoge kwaliteit."
"https://www.uitlaataanbiedingen.nl/uitlaatset/uitlaatset-seat/","uitlaatset-seat","Edex","Complete uitlaat Einddemper + Tussendemper Seat Ibiza","Edex Complete uitlaat Einddemper + Tussendemper Seat Ibiza","€94,95","€160,00","https://www.uitlaataanbiedingen.nl/oe-uitlaatset-einddemper-tussendemper-seat-ibiza.html","https://cdn.webshopapp.com/shops/69473/files/39242660/262x276x2/edex-complete-uitlaat-einddemper-tussendemper-seat.jpg","3 jaar garantie op de Seat Ibiza 1.4, 1.6, 1.8, 1.9, 2.0 Tussendemper + Achterdemper. Bovendien de laagste prijs van Nederland."
"https://www.uitlaataanbiedingen.nl/uitlaatset/uitlaatset-seat/","uitlaatset-seat","Polmo","Uitlaatset, Einddemper + Tussendemper Seat Ibiza, Cordoba, Skoda Fabia, Volkswagen Polo","Polmo Uitlaatset, Einddemper + Tussendemper Seat Ibiza, Cordoba, Skoda Fabia, Volkswagen Polo","€89,95","€200,00","https://www.uitlaataanbiedingen.nl/uitlaatset-einddemper-tussendemper-seat-ibiza-cord.html","https://cdn.webshopapp.com/shops/69473/files/495000138/262x276x2/polmo-uitlaatset-einddemper-tussendemper-seat-ibiz.jpg","Uitlaatset, Einddemper + Tussendemper Seat Ibiza, Cordoba, Skoda Fabia, Volkswagen Polo"
"https://www.uitlaataanbiedingen.nl/uitlaatset/uitlaatset-seat/","uitlaatset-seat","Edex","Uitlaatset Seat Ibiza, Skoda Fabia, Volkswagen Polo","Edex Uitlaatset Seat Ibiza, Skoda Fabia, Volkswagen Polo","€79,95","","https://www.uitlaataanbiedingen.nl/uitlaatset-seat-ibiza-skoda-fabia-volkswagen-polo.html","https://cdn.webshopapp.com/shops/69473/files/475911839/262x276x2/edex-uitlaatset-seat-ibiza-skoda-fabia-volkswagen.jpg","Uitlaatset Seat Ibiza, Skoda Fabia, Volkswagen Polo"
"https://www.uitlaataanbiedingen.nl/uitlaatset/uitlaatset-seat/","uitlaatset-seat","Topautoparts","Complete uitlaat + Katalysator Seat Arosa, Volkswagen Lupo Polo","Topautoparts Complete uitlaat + Katalysator Seat Arosa, Volkswagen Lupo Polo","€174,95","€300,00","https://www.uitlaataanbiedingen.nl/oe-complete-uitlaat-katalysator-seat-arosa-volkswa.html","https://cdn.webshopapp.com/shops/69473/files/69253175/262x276x2/topautoparts-complete-uitlaat-katalysator-seat-aro.jpg","Uitlaatsysteem Seat Arosa, Volkswagen Lupo en Volkswagen polo."
"https://www.uitlaataanbiedingen.nl/uitlaatset/uitlaatset-suzuki/","uitlaatset-suzuki","Polmo","Uitlaatset, Einddemper + Tussendemper Suzuki Swift","Polmo Uitlaatset, Einddemper + Tussendemper Suzuki Swift","€119,95","","https://www.uitlaataanbiedingen.nl/uitlaatset-einddemper-tussendemper-suzuki-swift.html","https://cdn.webshopapp.com/shops/69473/files/477350838/262x276x2/polmo-uitlaatset-einddemper-tussendemper-suzuki-sw.jpg","Uitlaatset, Einddemper + Tussendemper Suzuki Swift"
"https://www.uitlaataanbiedingen.nl/uitlaatset/uitlaatset-suzuki/","uitlaatset-suzuki","Edex","Complete uitlaat Einddemper + Middendemper Suzuki Jimny 1.3i","Edex Complete uitlaat Einddemper + Middendemper Suzuki Jimny 1.3i","€94,95","€170,00","https://www.uitlaataanbiedingen.nl/oe-uitlaatset-einddemper-middendemper-suzuki-jimny.html","https://cdn.webshopapp.com/shops/69473/files/39246424/262x276x2/edex-complete-uitlaat-einddemper-middendemper-suzu.jpg","Bekijk hier de goedkoopste Suzuki Jimny 1.3 vanaf 1998 tot 2008 Uitlaatset. Hoge kwaliteit, originele pasvorm, E-keurmerk en 3 jaar garantie."
"https://www.uitlaataanbiedingen.nl/uitlaatset/uitlaatset-suzuki/","uitlaatset-suzuki","Topautoparts","Complete uitlaat + Katalysator Suzuki Swift 1.0, 1.3","Topautoparts Complete uitlaat + Katalysator Suzuki Swift 1.0, 1.3","€174,95","€300,00","https://www.uitlaataanbiedingen.nl/oe-uitlaat-katalysator-suzuki-swift-10-13-28431894.html","https://cdn.webshopapp.com/shops/69473/files/65414272/262x276x2/topautoparts-complete-uitlaat-katalysator-suzuki-s.jpg","Klik hier om een compleet nieuw uitlaat systeem voor de Suzuki Swift 5-deurs te bekijken!"
"https://www.uitlaataanbiedingen.nl/uitlaatset/uitlaatset-suzuki/","uitlaatset-suzuki","Edex","Uitlaat Einddemper, Suzuki Alto 1.0","Edex Uitlaat Einddemper, Suzuki Alto 1.0","€59,00","€89,95","https://www.uitlaataanbiedingen.nl/oe-suzuki-alto-einddemper.html","https://cdn.webshopapp.com/shops/69473/files/61574442/262x276x2/edex-uitlaat-einddemper-suzuki-alto-10.jpg","Suzuki Alto einddemper"
"https://www.uitlaataanbiedingen.nl/uitlaatset/uitlaatset-suzuki/","uitlaatset-suzuki","Topautoparts","Complete uitlaat + Katalysator Suzuki Swift 1.0, 1.3","Topautoparts Complete uitlaat + Katalysator Suzuki Swift 1.0, 1.3","€174,95","€250,00","https://www.uitlaataanbiedingen.nl/oe-uitlaat-katalysator-suzuki-swift-10-13.html","https://cdn.webshopapp.com/shops/69473/files/65409846/262x276x2/topautoparts-complete-uitlaat-katalysator-suzuki-s.jpg","Compleet nieuw uitlaatsysteem voor de Suzuki Swift 1.0 en 1.3 enkel geschikt voor de 3 deurs uitvoering!"
"https://www.uitlaataanbiedingen.nl/uitlaatset/uitlaatset-suzuki/","uitlaatset-suzuki","Edex","Complete uitlaat Einddemper + Voorpijp Suzuki Alto 1.1","Edex Complete uitlaat Einddemper + Voorpijp Suzuki Alto 1.1","€99,95","€190,00","https://www.uitlaataanbiedingen.nl/oe-uitlaatset-einddemper-voorpijp-suzuki-alto-11.html","https://cdn.webshopapp.com/shops/69473/files/80859095/262x276x2/edex-complete-uitlaat-einddemper-voorpijp-suzuki-a.jpg","Klik hier voor de Suzuki Alto 1.1 vanaf 2002 tot 2008 Tussenpijp + Achterdemper. Laagste prijs van Nederland, 3 jaar garantie en OEM pasvorm."
"https://www.uitlaataanbiedingen.nl/uitlaatset/uitlaatset-suzuki/","uitlaatset-suzuki","Edex","Complete uitlaat Einddemper + Middendemper Suzuki Alto 1.0","Edex Complete uitlaat Einddemper + Middendemper Suzuki Alto 1.0","€99,95","€130,00","https://www.uitlaataanbiedingen.nl/oe-uitlaatset-einddemper-middendemper-suzuki-alto.html","https://cdn.webshopapp.com/shops/69473/files/61573040/262x276x2/edex-complete-uitlaat-einddemper-middendemper-suzu.jpg","Bekijk hier de Suzuki Alto 1.0 1994 tot 2000 Tussenpijp + Achterdemper. Laagste prijs garantie , OEM pasvorm, E-keurmerk en 3 jaar garantie."
"https://www.uitlaataanbiedingen.nl/uitlaatset/uitlaatset-suzuki/","uitlaatset-suzuki","Edex","Uitlaatset, Einddemper + Tussendemper Suzuki Wagon R","Edex Uitlaatset, Einddemper + Tussendemper Suzuki Wagon R","€119,95","","https://www.uitlaataanbiedingen.nl/uitlaatset-einddemper-tussendemper-suzuki-wagon-r.html","https://cdn.webshopapp.com/shops/69473/files/477351382/262x276x2/edex-uitlaatset-einddemper-tussendemper-suzuki-wag.jpg","Uitlaatset, Einddemper + Tussendemper Suzuki Wagon R"
"https://www.uitlaataanbiedingen.nl/uitlaatset/uitlaatset-suzuki/","uitlaatset-suzuki","Edex","Complete uitlaat Einddemper + Voorpijp Suzuki Alto 1.0","Edex Complete uitlaat Einddemper + Voorpijp Suzuki Alto 1.0","€109,95","€180,00","https://www.uitlaataanbiedingen.nl/oe-uitlaatset-einddemper-middendemper-suz-12864939.html","https://cdn.webshopapp.com/shops/69473/files/80861057/262x276x2/edex-complete-uitlaat-einddemper-voorpijp-suzuki-a.jpg","Bekijk hier de Suzuki Alto 1.0 vanaf 2000 Tussenpijp + Achterdemper. Laagste prijs, 3 jaar garantie, OEM pasvorm en E-keurmerk."
"https://www.uitlaataanbiedingen.nl/uitlaatset/uitlaatset-suzuki/","uitlaatset-suzuki","Edex","Uitlaatset, Einddemper + Tussendemper Opel Agila / Suzuki Splash","Edex Uitlaatset, Einddemper + Tussendemper Opel Agila / Suzuki Splash","€109,95","","https://www.uitlaataanbiedingen.nl/uitlaatset-einddemper-tussendemper-opel-158029704.html","https://cdn.webshopapp.com/shops/69473/files/477285587/262x276x2/edex-uitlaatset-einddemper-tussendemper-opel-agila.jpg","Uitlaatset, Einddemper + Tussendemper Opel Agila / Suzuki Splash"
"https://www.uitlaataanbiedingen.nl/uitlaatset/uitlaatset-toyota/","uitlaatset-toyota","Edex","Complete uitlaat Einddemper + Middendemper Toyota Yaris 1.3","Edex Complete uitlaat Einddemper + Middendemper Toyota Yaris 1.3","€99,95","€170,00","https://www.uitlaataanbiedingen.nl/oe-uitlaatset-einddemper-middendemper-toyota-yaris.html","https://cdn.webshopapp.com/shops/69473/files/54760542/262x276x2/edex-complete-uitlaat-einddemper-middendemper-toyo.jpg","Bekijk hier de Toyota Yaris 1.3 16_V 1999 tot 2003 Tussendemper + Achterdemper. Laagste prijs en hoge kwaliteit, bovendien 3 jaar garantie."
"https://www.uitlaataanbiedingen.nl/uitlaatset/uitlaatset-toyota/","uitlaatset-toyota","Topautoparts","Complete uitlaat + Katalysator Toyota Yaris 1.3","Topautoparts Complete uitlaat + Katalysator Toyota Yaris 1.3","€204,95","€350,00","https://www.uitlaataanbiedingen.nl/oe-uitlaatset-katalysator-toyota-yaris-13.html","https://cdn.webshopapp.com/shops/69473/files/69764033/262x276x2/topautoparts-complete-uitlaat-katalysator-toyota-y.jpg","Uitlaatsysteem Toyota Yaris"
"https://www.uitlaataanbiedingen.nl/uitlaatset/uitlaatset-toyota/","uitlaatset-toyota","Edex","Complete uitlaat Middendemper + Einddemper Toyota Yaris 1.0","Edex Complete uitlaat Middendemper + Einddemper Toyota Yaris 1.0","€99,95","€160,00","https://www.uitlaataanbiedingen.nl/oe-uitlaatset-middendemper-einddemper-toyota-yaris.html","https://cdn.webshopapp.com/shops/69473/files/54753850/262x276x2/edex-complete-uitlaat-middendemper-einddemper-toyo.jpg","Toyota Uitlaatset"
"https://www.uitlaataanbiedingen.nl/uitlaatset/uitlaatset-toyota/","uitlaatset-toyota","Edex","Complete uitlaat Einddemper + Middendemper Toyota Yaris Verso","Edex Complete uitlaat Einddemper + Middendemper Toyota Yaris Verso","€99,95","€180,00","https://www.uitlaataanbiedingen.nl/uitlaatset-einddemper-middendemper-toyota-yaris-ve.html","https://cdn.webshopapp.com/shops/69473/files/430462018/262x276x2/edex-complete-uitlaat-einddemper-middendemper-toyo.jpg","Uitlaatset, Einddemper + Middendemper Toyota Yaris Verso"
"https://www.uitlaataanbiedingen.nl/uitlaatset/uitlaatset-toyota/","uitlaatset-toyota","Polmo","Uitlaatset, Einddemper + Tussendemper Toyota Yaris Hatchback","Polmo Uitlaatset, Einddemper + Tussendemper Toyota Yaris Hatchback","€119,95","","https://www.uitlaataanbiedingen.nl/uitlaatset-einddemper-tussendemper-toyota-yaris-ha.html","https://cdn.webshopapp.com/shops/69473/files/477351994/262x276x2/polmo-uitlaatset-einddemper-tussendemper-toyota-ya.jpg","Uitlaatset, Einddemper + Tussendemper Toyota Yaris Hatchback"
"https://www.uitlaataanbiedingen.nl/uitlaatset/uitlaatset-toyota/","uitlaatset-toyota","Polmo","Uitlaatset, Tussendemper + Einddemper Toyota Yaris 1.3","Polmo Uitlaatset, Tussendemper + Einddemper Toyota Yaris 1.3","€119,95","","https://www.uitlaataanbiedingen.nl/uitlaatset-tussendemper-einddemper-toyota-yaris-13.html","https://cdn.webshopapp.com/shops/69473/files/469727019/262x276x2/polmo-uitlaatset-tussendemper-einddemper-toyota-ya.jpg","Uitlaatset, Tussendemper + Einddemper Toyota Yaris 1.3"
"https://www.uitlaataanbiedingen.nl/uitlaatset/uitlaatset-toyota/","uitlaatset-toyota","Topautoparts","Complete uitlaat + katalysator Toyota Prius 1.5 16_V Hybrid","Topautoparts Complete uitlaat + katalysator Toyota Prius 1.5 16_V Hybrid","€244,95","€750,00","https://www.uitlaataanbiedingen.nl/uitlaatset-einddemper-middendemper-toyota-prius-15.html","https://cdn.webshopapp.com/shops/69473/files/420319819/262x276x2/topautoparts-complete-uitlaat-katalysator-toyota-p.jpg","Compleet uitlaatsysteem Toyota Prius 1.5 16_V Hybrid"
"https://www.uitlaataanbiedingen.nl/uitlaatset/uitlaatset-toyota/","uitlaatset-toyota","Polmo","Uitlaatset, Tussendemper + Einddemper Toyota Corolla 1.4 / 1.6","Polmo Uitlaatset, Tussendemper + Einddemper Toyota Corolla  1.4 / 1.6","€109,00","€149,95","https://www.uitlaataanbiedingen.nl/uitlaatset-tussendemper-einddemper-toyota-corolla.html","https://cdn.webshopapp.com/shops/69473/files/493317651/262x276x2/polmo-uitlaatset-tussendemper-einddemper-toyota-co.jpg","Uitlaatset, Tussendemper + Einddemper Toyota Corolla 1.4 / 1.6"
"https://www.uitlaataanbiedingen.nl/uitlaatset/uitlaatset-toyota/","uitlaatset-toyota","Topautoparts","Uitlaatset, Einddemper + Tussendemper Toyota Yaris II","Topautoparts Uitlaatset, Einddemper + Tussendemper Toyota Yaris II","€139,95","","https://www.uitlaataanbiedingen.nl/uitlaatset-einddemper-tussendemper-toyota-yaris-ii.html","https://cdn.webshopapp.com/shops/69473/files/477360561/262x276x2/topautoparts-uitlaatset-einddemper-tussendemper-to.jpg","Uitlaatset, Einddemper + Tussendemper Toyota Yaris II"
"https://www.uitlaataanbiedingen.nl/uitlaatset/uitlaatset-volkswagen/","uitlaatset-volkswagen","Edex","Complete uitlaat Einddemper + Middendemper Volkswagen Polo 1.0, 1.4, 1.6","Edex Complete uitlaat Einddemper + Middendemper Volkswagen Polo 1.0, 1.4, 1.6","€79,95","€180,00","https://www.uitlaataanbiedingen.nl/oe-uitlaatset-einddemper-middendemper-volkswagen-p.html","https://cdn.webshopapp.com/shops/69473/files/39240608/262x276x2/edex-complete-uitlaat-einddemper-middendemper-volk.jpg","Goedkoop uitlaatsetje voor een Polo. Het gaat hierbij om de Volkswagen Polo 1.0, 1.4, 1.6 Achterdemper + Middendemper. 3 jaar garantie."
"https://www.uitlaataanbiedingen.nl/uitlaatset/uitlaatset-volkswagen/","uitlaatset-volkswagen","Edex","Complete uitlaat Einddemper + Middendemper + Uitlaatpijp Volkswagen Fox / Polo 1.2","Edex Complete uitlaat Einddemper + Middendemper + Uitlaatpijp Volkswagen Fox / Polo 1.2","€149,95","€250,00","https://www.uitlaataanbiedingen.nl/uitlaatset-einddemper-middendemper-uitlaatpijp.html","https://cdn.webshopapp.com/shops/69473/files/421310659/262x276x2/edex-complete-uitlaat-einddemper-middendemper-uitl.jpg","Uitlaatset, Einddemper + Middendemper + Uitlaatpijp Volkswagen Fox 1.2"
"https://www.uitlaataanbiedingen.nl/uitlaatset/uitlaatset-volkswagen/","uitlaatset-volkswagen","Topautoparts","Complete uitlaat + katalysator Volkswagen Golf 4, Bora, Skoda Octavia","Topautoparts Complete uitlaat + katalysator Volkswagen Golf 4, Bora, Skoda Octavia","€259,95","€450,00","https://www.uitlaataanbiedingen.nl/complete-uitlaat-met-katalysator-volkswagen-golf-4.html","https://cdn.webshopapp.com/shops/69473/files/421314259/262x276x2/topautoparts-complete-uitlaat-katalysator-volkswag.jpg","Complete uitlaat met katalysator Volkswagen Golf 4, Bora, Skoda Octavia"
"https://www.uitlaataanbiedingen.nl/uitlaatset/uitlaatset-volkswagen/","uitlaatset-volkswagen","Edex","Complete uitlaat Einddemper + Middendemper Volkswagen Golf 4","Edex Complete uitlaat Einddemper + Middendemper Volkswagen Golf 4","€89,95","€180,00","https://www.uitlaataanbiedingen.nl/oe-uitlaatset-einddemper-middendemper-volkswagen-g.html","https://cdn.webshopapp.com/shops/69473/files/39241678/262x276x2/edex-complete-uitlaat-einddemper-middendemper-volk.jpg","Klik hier voor de Volkswagen Golf IV 1.4 van 1997 tot 2005. Laagste prijs, 3 jaar garantie, OEM pasvorm en E-keurmerk."
"https://www.uitlaataanbiedingen.nl/uitlaatset/uitlaatset-volkswagen/","uitlaatset-volkswagen","Edex","Complete uitlaat Einddemper + Middendemper Volkswagen Transporter T4","Edex Complete uitlaat Einddemper + Middendemper Volkswagen Transporter T4","€109,95","€250,00","https://www.uitlaataanbiedingen.nl/oe-uitlaatset-einddemper-middendemper-volkswagen-t.html","https://cdn.webshopapp.com/shops/69473/files/39241256/262x276x2/edex-complete-uitlaat-einddemper-middendemper-volk.jpg","Goedkoopste Volkswagen Transporter T4, Achterdemper + Middendemper van Nederland. 3 jaar garantie en bovendien E-keurmerk en OEM pasvorm."
"https://www.uitlaataanbiedingen.nl/uitlaatset/uitlaatset-volkswagen/","uitlaatset-volkswagen","Edex","Complete uitlaat Einddemper + Middendemper Volkswagen Polo","Edex Complete uitlaat Einddemper + Middendemper Volkswagen Polo","€89,95","€180,00","https://www.uitlaataanbiedingen.nl/oe-uitlaatset-einddemper-middendemper-vol-13839631.html","https://cdn.webshopapp.com/shops/69473/files/39240506/262x276x2/edex-complete-uitlaat-einddemper-middendemper-volk.jpg","Bekijk de Volkswagen Polo 1.4 Middendemper + Achterdemper Uitlaat hier. Laagste prijs van Nederland, 3 jaar garantie en E-keur."
"https://www.uitlaataanbiedingen.nl/uitlaatset/uitlaatset-volkswagen/","uitlaatset-volkswagen","Edex","Complete uitlaat Einddemper + Middendemper Volkswagen Caddy 1.9TDI","Edex Complete uitlaat Einddemper + Middendemper Volkswagen Caddy 1.9TDI","€82,95","€180,00","https://www.uitlaataanbiedingen.nl/oe-uitlaatset-einddemper-middendemper-volkswagen-c.html","https://cdn.webshopapp.com/shops/69473/files/39240708/262x276x2/edex-complete-uitlaat-einddemper-middendemper-volk.jpg","Nieuw uitlaatsetje voor de Volkswagen Caddy 1.9 TDI. Van 1995 tot 2004. 3 jaar garantie, OEM Pasvomr en laagste prijs garantie."
"https://www.uitlaataanbiedingen.nl/uitlaatset/uitlaatset-volkswagen/","uitlaatset-volkswagen","Edex","Complete uitlaat Einddemper + Middendemper Volkswagen T5 2.5","Edex Complete uitlaat Einddemper + Middendemper Volkswagen T5 2.5","€124,95","€225,00","https://www.uitlaataanbiedingen.nl/oe-uitlaatset-einddemper-middendemper-vol-26989758.html","https://cdn.webshopapp.com/shops/69473/files/61620942/262x276x2/edex-complete-uitlaat-einddemper-middendemper-volk.jpg","Uitlaatset Volkswagen T5 2.5, bestaande uit middendemper en einddemper3 jaar garantie"
"https://www.uitlaataanbiedingen.nl/uitlaatset/uitlaatset-volkswagen/","uitlaatset-volkswagen","Edex","Uitlaatset, Einddemper + Tussendemper Volkswagen Polo V","Edex Uitlaatset, Einddemper + Tussendemper Volkswagen Polo V","€94,95","","https://www.uitlaataanbiedingen.nl/vag639vag640.html","https://cdn.webshopapp.com/shops/69473/files/468716255/262x276x2/edex-uitlaatset-einddemper-tussendemper-volkswagen.jpg","Uitlaatset, Einddemper + Tussendemper Volkswagen Polo V."
"https://www.uitlaataanbiedingen.nl/uitlaatset/uitlaatset-volkswagen/","uitlaatset-volkswagen","Edex","Uitlaatset, Einddemper + Tussendemper Volkswagen Caddy III","Edex Uitlaatset, Einddemper + Tussendemper Volkswagen Caddy III","€109,95","","https://www.uitlaataanbiedingen.nl/vag610vag611.html","https://cdn.webshopapp.com/shops/69473/files/468716298/262x276x2/edex-uitlaatset-einddemper-tussendemper-volkswagen.jpg","Uitlaatset, Einddemper + Tussendemper Volkswagen Caddy III"
"https://www.uitlaataanbiedingen.nl/uitlaatset/uitlaatset-volkswagen/","uitlaatset-volkswagen","Edex","Complete uitlaat Einddemper + Middendemper Volkswagen T5 1.9 TDI","Edex Complete uitlaat Einddemper + Middendemper Volkswagen T5 1.9 TDI","€124,95","€200,00","https://www.uitlaataanbiedingen.nl/oe-uitlaatset-einddemper-middendemper-vol-26989748.html","https://cdn.webshopapp.com/shops/69473/files/61618486/262x276x2/edex-complete-uitlaat-einddemper-middendemper-volk.jpg","Goedkope uitlaatset voor de Volkswagen T5, middendemper + einddemper3 jaar garantie"
"https://www.uitlaataanbiedingen.nl/uitlaatset/uitlaatset-volkswagen/","uitlaatset-volkswagen","Edex","Complete uitlaat Einddemper + Tussenpijp Volkswagen Caddy III","Edex Complete uitlaat Einddemper + Tussenpijp Volkswagen Caddy III","€99,95","","https://www.uitlaataanbiedingen.nl/uitlaatset-einddemper-tussenpijp-volkswagen-caddy.html","https://cdn.webshopapp.com/shops/69473/files/474934647/262x276x2/edex-complete-uitlaat-einddemper-tussenpijp-volksw.jpg","Uitlaatset, Einddemper + Tussenpijp Volkswagen Caddy III"
"https://www.uitlaataanbiedingen.nl/uitlaatset/uitlaatset-volkswagen/","uitlaatset-volkswagen","Edex","Uitlaatset, Einddemper + Tussenpijp + Voordemper Volkswagen Fox","Edex Uitlaatset, Einddemper + Tussenpijp + Voordemper Volkswagen Fox","€164,95","","https://www.uitlaataanbiedingen.nl/vag649vag650vag651.html","https://cdn.webshopapp.com/shops/69473/files/468716212/262x276x2/edex-uitlaatset-einddemper-tussenpijp-voordemper-v.jpg","Uitlaatset, Einddemper + Tussenpijp + Voordemper Volkswagen Fox"
"https://www.uitlaataanbiedingen.nl/uitlaatset/uitlaatset-volkswagen/","uitlaatset-volkswagen","Edex","Complete uitlaat Middendemper + Einddemper Volkswagen Lupo 1.4","Edex Complete uitlaat Middendemper + Einddemper Volkswagen Lupo 1.4","€84,95","€180,00","https://www.uitlaataanbiedingen.nl/oe-uitlaatset-middendemper-einddemper-volkswagen-l.html","https://cdn.webshopapp.com/shops/69473/files/39242296/262x276x2/edex-complete-uitlaat-middendemper-einddemper-volk.jpg","Nieuwe uitlaat Volkswagen Lupo 1.4. Deze uitlaten zijn voorzien van een E-keurmerk, 3 jaar garantie en de laagste prijs!"
"https://www.uitlaataanbiedingen.nl/uitlaatset/uitlaatset-volkswagen/","uitlaatset-volkswagen","Edex","Complete uitlaat Einddemper + Tussendemper Volkswagen Caddy III 2.0 SDi","Edex Complete uitlaat Einddemper + Tussendemper Volkswagen Caddy III 2.0 SDi","€96,95","€200,00","https://www.uitlaataanbiedingen.nl/oe-uitlaatset-einddemper-tussendemper-volkswagen-c.html","https://cdn.webshopapp.com/shops/69473/files/39241514/262x276x2/edex-complete-uitlaat-einddemper-tussendemper-volk.jpg","Klik hier voor de Volkswagen Caddy 3 2.0 SDI vanaf 2004 Tussendemper + Achterdemper. Goedkoopste van Nederland en 3 jaar garantie."
"https://www.uitlaataanbiedingen.nl/uitlaatset/uitlaatset-volvo/","uitlaatset-volvo","Edex","Complete uitlaat Einddemper + Middendemper Volvo V70, XC70, 2.3, 2.4, 2.5","Edex Complete uitlaat Einddemper + Middendemper Volvo V70, XC70, 2.3, 2.4, 2.5","€199,95","€250,00","https://www.uitlaataanbiedingen.nl/oe-uitlaat-einddemper-middendemper-volvo-v70-xc70.html","https://cdn.webshopapp.com/shops/69473/files/42366230/262x276x2/edex-complete-uitlaat-einddemper-middendemper-volv.jpg","Bekijk hier de goedkoopste Volvo V70 2.3, 2.4 XC70 vanaf 2001 tot 2007 Uitlaatset. Hoge kwaliteit, 3 jaar garantie en OEM pasvorm."
"https://www.uitlaataanbiedingen.nl/uitlaatset/uitlaatset-volvo/","uitlaatset-volvo","Polmo","Uitlaatset, Einddemper + Middendemper Volvo XC90","Polmo Uitlaatset, Einddemper + Middendemper Volvo XC90","€129,95","","https://www.uitlaataanbiedingen.nl/uitlaatset-einddemper-middendemper-volvo-xc90.html","https://cdn.webshopapp.com/shops/69473/files/468707029/262x276x2/polmo-uitlaatset-einddemper-middendemper-volvo-xc9.jpg","Uitlaatset, Einddemper + Middendemper Volvo XC90"
"https://www.uitlaataanbiedingen.nl/uitlaatset/uitlaatset-volvo/","uitlaatset-volvo","Edex","Complete uitlaat Einddemper + Middendemper Volvo S40, V40","Edex Complete uitlaat Einddemper + Middendemper Volvo S40, V40","€104,95","€200,00","https://www.uitlaataanbiedingen.nl/oe-uitlaatset-einddemper-middendemper-volvo-s40-v4.html","https://cdn.webshopapp.com/shops/69473/files/39238004/262x276x2/edex-complete-uitlaat-einddemper-middendemper-volv.jpg","Goedkope nieuwe uitlaat voor de Volvo S40, V40. Inclusief 3 jaar garantie. Profiteer nu!"
"https://www.uitlaataanbiedingen.nl/uitlaatset/uitlaatset-volvo/","uitlaatset-volvo","Edex","Complete uitlaat Einddemper + Middendemper Volvo S60 2.0, 2.3, 2.4","Edex Complete uitlaat Einddemper + Middendemper Volvo S60 2.0, 2.3, 2.4","€194,95","€280,00","https://www.uitlaataanbiedingen.nl/oe-uitlaatset-einddemper-middendemper-volvo-s60-20.html","https://cdn.webshopapp.com/shops/69473/files/42366242/262x276x2/edex-complete-uitlaat-einddemper-middendemper-volv.jpg","Gegarandeerd de goedkoopste uitlaatset voor de volvo S60! Middendemper + Einddemper nu voor maar 194,95."
"https://www.uitlaataanbiedingen.nl/uitlaatset/uitlaatset-volvo/","uitlaatset-volvo","Topautoparts","Complete uitlaat + katalysator Volvo S40, V40","Topautoparts Complete uitlaat + katalysator Volvo S40, V40","€194,95","€300,00","https://www.uitlaataanbiedingen.nl/oe-uitlaatset-katalysator-volvo-s40-v40.html","https://cdn.webshopapp.com/shops/69473/files/69705113/262x276x2/topautoparts-complete-uitlaat-katalysator-volvo-s4.jpg","uitlaatsysteem Volvo S40 en V40"
"https://www.uitlaataanbiedingen.nl/uitlaatset/uitlaatset-volvo/","uitlaatset-volvo","Edex","Uitlaatset, Einddemper + Tussendemper Volvo S40/V40","Edex Uitlaatset, Einddemper + Tussendemper Volvo S40/V40","€114,95","","https://www.uitlaataanbiedingen.nl/uitlaatset-einddemper-tussendemper-volvo-s40-v40.html","https://cdn.webshopapp.com/shops/69473/files/477359576/262x276x2/edex-uitlaatset-einddemper-tussendemper-volvo-s40.jpg","Uitlaatset, Einddemper + Tussendemper Volvo S40/V40"
"https://www.uitlaataanbiedingen.nl/uitlaatset/uitlaatset-volvo/","uitlaatset-volvo","Edex","Uitlaatset, Einddemper + Tussendemper Volvo XC90","Edex Uitlaatset, Einddemper + Tussendemper Volvo XC90","€229,95","€394,95","https://www.uitlaataanbiedingen.nl/uitlaatset-einddemper-tussendemper-volvo-xc90.html","https://cdn.webshopapp.com/shops/69473/files/490904970/262x276x2/edex-uitlaatset-einddemper-tussendemper-volvo-xc90.jpg","Uitlaatset, Einddemper + Tussendemper Volvo XC90"
